Startup CPU time:    10740.146 sec summed across 1280 PEs.
         Day, Step number,     CPU time, CPU time change
       0.000,           0,    10740.146,    10740.146
       0.926,        1000,   101796.316,    91056.170
       1.852,        2000,   188933.964,    87137.648
       2.778,        3000,   275715.001,    86781.037
       3.704,        4000,   359813.177,    84098.176
       4.630,        5000,   447587.001,    87773.824
       5.556,        6000,   537171.971,    89584.970
       6.481,        7000,   622674.991,    85503.021
       7.407,        8000,   712906.383,    90231.392
       8.333,        9000,   804900.025,    91993.642
       9.259,       10000,   900849.657,    95949.632
      10.185,       11000,   989070.098,    88220.442
      11.111,       12000,  1081123.650,    92053.552
      12.037,       13000,  1173357.846,    92234.195
      12.963,       14000,  1265605.612,    92247.767
      13.889,       15000,  1358588.258,    92982.646
      14.815,       16000,  1448887.023,    90298.765
      15.741,       17000,  1541485.934,    92598.910
      16.667,       18000,  1632135.718,    90649.784
      17.593,       19000,  1727065.062,    94929.344
      18.519,       20000,  1819327.308,    92262.246
      19.444,       21000,  1908301.020,    88973.712
      20.370,       22000,  2000722.252,    92421.232
      21.296,       23000,  2092067.075,    91344.822
      22.222,       24000,  2182526.904,    90459.829
      23.148,       25000,  2275666.617,    93139.713
      24.074,       26000,  2370146.284,    94479.667
      25.000,       27000,  2465301.113,    95154.829
      25.926,       28000,  2557092.748,    91791.635
      26.852,       29000,  2651755.804,    94663.056
      27.778,       30000,  2747334.774,    95578.970
      28.704,       31000,  2836437.545,    89102.771
      29.630,       32000,  2930421.257,    93983.712
      30.556,       33000,  3021396.819,    90975.562
      31.481,       34000,  3115404.809,    94007.990
      32.407,       35000,  3207709.980,    92305.171
      33.333,       36000,  3301130.323,    93420.343
      34.259,       37000,  3394197.772,    93067.449
      35.185,       38000,  3484285.650,    90087.878
      36.111,       39000,  3580059.845,    95774.194
      37.037,       40000,  3680138.473,   100078.628
      37.963,       41000,  3773304.236,    93165.763
      38.889,       42000,  3871166.281,    97862.045
      39.815,       43000,  3964547.327,    93381.046
      40.741,       44000,  4055441.007,    90893.680
      41.667,       45000,  4150573.670,    95132.663
      42.593,       46000,  4242686.925,    92113.255
      43.519,       47000,  4333225.519,    90538.594
      44.444,       48000,  4423564.796,    90339.277
      45.370,       49000,  4517228.031,    93663.235
      46.296,       50000,  4610139.702,    92911.670
      47.222,       51000,  4704523.043,    94383.341
      48.148,       52000,  4793951.436,    89428.394
      49.074,       53000,  4885364.057,    91412.621
      50.000,       54000,  4976480.745,    91116.688
      50.926,       55000,  5069999.673,    93518.928
      51.852,       56000,  5165277.814,    95278.141
      52.778,       57000,  5258474.054,    93196.240
      53.704,       58000,  5347634.815,    89160.762
      54.630,       59000,  5441488.643,    93853.827
      55.556,       60000,  5538183.926,    96695.283
      56.481,       61000,  5628870.815,    90686.889
      57.407,       62000,  5726158.425,    97287.610
      58.333,       63000,  5816680.352,    90521.927
      59.259,       64000,  5906828.076,    90147.724
