Startup CPU time:      140.239 sec summed across  128 PEs.
         Day, Step number,     CPU time, CPU time change
       0.000,           0,      140.239,      140.239
       0.231,        1000,     4511.370,     4371.131
       0.463,        2000,     9230.902,     4719.533
       0.694,        3000,    14017.194,     4786.291
       0.926,        4000,    18749.978,     4732.784
       1.157,        5000,    23622.205,     4872.227
       1.389,        6000,    28669.955,     5047.750
       1.620,        7000,    33786.861,     5116.906
       1.852,        8000,    39227.126,     5440.266
       2.083,        9000,    44911.124,     5683.997
       2.315,       10000,    51069.654,     6158.531
       2.546,       11000,    57319.750,     6250.096
       2.778,       12000,    63614.598,     6294.848
       3.009,       13000,    69939.062,     6324.464
       3.241,       14000,    76494.819,     6555.757
       3.472,       15000,    83228.416,     6733.597
       3.704,       16000,    90056.374,     6827.958
       3.935,       17000,    96807.363,     6750.989
       4.167,       18000,   103544.045,     6736.682
       4.398,       19000,   110406.534,     6862.489
       4.630,       20000,   117290.230,     6883.696
       4.861,       21000,   124119.754,     6829.523
       5.093,       22000,   131095.194,     6975.440
       5.324,       23000,   137851.338,     6756.144
       5.556,       24000,   144882.442,     7031.104
       5.787,       25000,   151893.043,     7010.602
       6.019,       26000,   158675.578,     6782.534
       6.250,       27000,   165722.291,     7046.714
       6.481,       28000,   172794.067,     7071.776
       6.713,       29000,   179648.755,     6854.688
       6.944,       30000,   186618.355,     6969.600
       7.176,       31000,   193785.661,     7167.306
       7.407,       32000,   200888.029,     7102.368
       7.639,       33000,   207790.947,     6902.918
       7.870,       34000,   214865.456,     7074.509
       8.102,       35000,   222123.187,     7257.731
       8.333,       36000,   229373.242,     7250.055
       8.565,       37000,   236525.661,     7152.419
       8.796,       38000,   243504.202,     6978.541
       9.028,       39000,   250758.918,     7254.717
       9.259,       40000,   258222.682,     7463.763
       9.491,       41000,   265583.744,     7361.062
       9.722,       42000,   272882.890,     7299.146
       9.954,       43000,   279957.002,     7074.112
      10.185,       44000,   287191.494,     7234.493
      10.417,       45000,   294859.959,     7668.464
      10.648,       46000,   302455.245,     7595.286
      10.880,       47000,   310088.038,     7632.794
      11.111,       48000,   317549.117,     7461.078
      11.343,       49000,   324889.107,     7339.990
      11.574,       50000,   332130.912,     7241.805
      11.806,       51000,   339704.026,     7573.114
      12.037,       52000,   347586.854,     7882.829
      12.269,       53000,   355318.934,     7732.080
      12.500,       54000,   363155.309,     7836.375
      12.731,       55000,   370874.870,     7719.561
      12.963,       56000,   378430.125,     7555.254
      13.194,       57000,   385825.110,     7394.986
      13.426,       58000,   393302.445,     7477.335
      13.657,       59000,   401080.570,     7778.124
      13.889,       60000,   409114.307,     8033.738
      14.120,       61000,   417240.768,     8126.461
      14.352,       62000,   425275.334,     8034.566
      14.583,       63000,   433194.026,     7918.691
      14.815,       64000,   441008.739,     7814.713
      15.046,       65000,   448734.522,     7725.782
      15.278,       66000,   456290.070,     7555.549
      15.509,       67000,   463811.619,     7521.549
      15.741,       68000,   471524.390,     7712.771
      15.972,       69000,   479483.622,     7959.232
      16.204,       70000,   487664.621,     8180.998
      16.435,       71000,   496136.843,     8472.222
      16.667,       72000,   504332.113,     8195.270
      16.898,       73000,   512584.103,     8251.990
      17.130,       74000,   520800.586,     8216.483
      17.361,       75000,   528729.699,     7929.114
      17.593,       76000,   536773.811,     8044.112
      17.824,       77000,   544545.069,     7771.258
      18.056,       78000,   552208.944,     7663.875
      18.287,       79000,   559898.621,     7689.677
      18.519,       80000,   567694.125,     7795.504
      18.750,       81000,   575638.391,     7944.266
      18.981,       82000,   583799.277,     8160.886
      19.213,       83000,   592138.586,     8339.309
      19.444,       84000,   600675.504,     8536.918
      19.676,       85000,   609098.102,     8422.598
      19.907,       86000,   617298.768,     8200.666
      20.139,       87000,   625677.379,     8378.611
      20.370,       88000,   633997.069,     8319.690
      20.602,       89000,   641975.261,     7978.192
      20.833,       90000,   650096.810,     8121.549
      21.065,       91000,   658277.107,     8180.297
      21.296,       92000,   665954.688,     7677.581
      21.528,       93000,   673615.139,     7660.451
      21.759,       94000,   681343.795,     7728.656
      21.991,       95000,   689121.629,     7777.834
      22.222,       96000,   697156.147,     8034.518
      22.454,       97000,   705327.872,     8171.725
      22.685,       98000,   713501.386,     8173.514
      22.917,       99000,   721794.455,     8293.069
      23.148,      100000,   730289.805,     8495.350
      23.380,      101000,   738925.213,     8635.408
      23.611,      102000,   747639.955,     8714.742
      23.843,      103000,   755829.350,     8189.395
      24.074,      104000,   764159.632,     8330.282
      24.306,      105000,   772617.619,     8457.987
      24.537,      106000,   781198.061,     8580.442
      24.769,      107000,   789257.245,     8059.184
      25.000,      108000,   797308.256,     8051.011
      25.231,      109000,   805488.531,     8180.275
      25.463,      110000,   813805.459,     8316.928
      25.694,      111000,   822005.066,     8199.606
      25.926,      112000,   829719.763,     7714.698
      26.157,      113000,   837407.235,     7687.472
      26.389,      114000,   845124.112,     7716.877
      26.620,      115000,   852946.909,     7822.797
      26.852,      116000,   860776.166,     7829.258
      27.083,      117000,   868619.770,     7843.604
      27.315,      118000,   876610.960,     7991.190
      27.546,      119000,   884659.696,     8048.736
      27.778,      120000,   892775.632,     8115.936
      28.009,      121000,   900986.157,     8210.525
      28.241,      122000,   909302.826,     8316.669
      28.472,      123000,   917732.422,     8429.597
      28.704,      124000,   926280.614,     8548.192
      28.935,      125000,   934923.549,     8642.934
      29.167,      126000,   943723.063,     8799.514
      29.398,      127000,   952432.326,     8709.264
      29.630,      128000,   960581.152,     8148.826
      29.861,      129000,   968849.990,     8268.838
      30.093,      130000,   977227.654,     8377.664
      30.324,      131000,   985703.581,     8475.926
      30.556,      132000,   994289.821,     8586.240
      30.787,      133000,  1003036.716,     8746.895
      31.019,      134000,  1011362.121,     8325.406
      31.250,      135000,  1019337.188,     7975.067
      31.481,      136000,  1027421.386,     8084.197
      31.713,      137000,  1035561.133,     8139.747
      31.944,      138000,  1043756.579,     8195.446
      32.176,      139000,  1052035.200,     8278.621
      32.407,      140000,  1060404.310,     8369.110
      32.639,      141000,  1068830.602,     8426.291
      32.870,      142000,  1076673.648,     7843.046
      33.102,      143000,  1084490.749,     7817.101
      33.333,      144000,  1092329.943,     7839.194
      33.565,      145000,  1100093.974,     7764.032
      33.796,      146000,  1107869.149,     7775.174
      34.028,      147000,  1115766.614,     7897.466
      34.259,      148000,  1123574.694,     7808.080
      34.491,      149000,  1131457.792,     7883.098
      34.722,      150000,  1139403.213,     7945.421
      34.954,      151000,  1147366.458,     7963.245
      35.185,      152000,  1155362.701,     7996.244
      35.417,      153000,  1163353.245,     7990.544
      35.648,      154000,  1171379.968,     8026.723
      35.880,      155000,  1179462.003,     8082.035
      36.111,      156000,  1187585.920,     8123.917
      36.343,      157000,  1195728.896,     8142.976
      36.574,      158000,  1203903.805,     8174.909
      36.806,      159000,  1212126.349,     8222.544
      37.037,      160000,  1220386.070,     8259.722
      37.269,      161000,  1228686.422,     8300.352
      37.500,      162000,  1237018.515,     8332.093
      37.731,      163000,  1245405.168,     8386.653
      37.963,      164000,  1253941.482,     8536.314
      38.194,      165000,  1262378.954,     8437.472
      38.426,      166000,  1270848.768,     8469.814
      38.657,      167000,  1279346.531,     8497.763
      38.889,      168000,  1287880.621,     8534.090
      39.120,      169000,  1296432.690,     8552.069
      39.352,      170000,  1305028.730,     8596.040
      39.583,      171000,  1313647.584,     8618.855
      39.815,      172000,  1322328.762,     8681.177
      40.046,      173000,  1331056.640,     8727.878
      40.278,      174000,  1339814.685,     8758.045
      40.509,      175000,  1348593.846,     8779.162
      40.741,      176000,  1357376.301,     8782.454
      40.972,      177000,  1366198.266,     8821.965
      41.204,      178000,  1375039.712,     8841.446
      41.435,      179000,  1383915.830,     8876.118
      41.667,      180000,  1392813.296,     8897.466
      41.898,      181000,  1401728.413,     8915.116
      42.130,      182000,  1410668.854,     8940.442
      42.361,      183000,  1419658.912,     8990.058
      42.593,      184000,  1428615.536,     8956.624
      42.824,      185000,  1437580.058,     8964.522
      43.056,      186000,  1446566.800,     8986.742
      43.287,      187000,  1455567.107,     9000.307
      43.519,      188000,  1464582.294,     9015.187
      43.750,      189000,  1473581.652,     8999.357
      43.981,      190000,  1482602.186,     9020.534
      44.213,      191000,  1491622.230,     9020.045
      44.444,      192000,  1500635.477,     9013.246
      44.676,      193000,  1509633.830,     8998.353
      44.907,      194000,  1518621.555,     8987.726
      45.139,      195000,  1527601.709,     8980.154
      45.370,      196000,  1536529.776,     8928.067
      45.602,      197000,  1545441.613,     8911.837
      45.833,      198000,  1554326.819,     8885.207
      46.065,      199000,  1563191.066,     8864.246
      46.296,      200000,  1572031.702,     8840.637
      46.528,      201000,  1580849.536,     8817.834
      46.759,      202000,  1589645.101,     8795.565
      46.991,      203000,  1598423.005,     8777.904
      47.222,      204000,  1607183.043,     8760.038
      47.454,      205000,  1615897.974,     8714.931
      47.685,      206000,  1624554.205,     8656.231
      47.917,      207000,  1633203.636,     8649.430
      48.148,      208000,  1641820.378,     8616.742
      48.380,      209000,  1650384.944,     8564.566
      48.611,      210000,  1658929.901,     8544.957
      48.843,      211000,  1667440.755,     8510.854
      49.074,      212000,  1675912.954,     8472.198
      49.306,      213000,  1684350.838,     8437.885
      49.537,      214000,  1692788.797,     8437.958
      49.769,      215000,  1701207.677,     8418.880
      50.000,      216000,  1709580.378,     8372.701
      50.231,      217000,  1717956.739,     8376.361
      50.463,      218000,  1726250.314,     8293.574
      50.694,      219000,  1734507.370,     8257.056
      50.926,      220000,  1742736.048,     8228.678
      51.157,      221000,  1750885.606,     8149.558
      51.389,      222000,  1759289.328,     8403.722
      51.620,      223000,  1767660.198,     8370.870
      51.852,      224000,  1775918.538,     8258.339
      52.083,      225000,  1784349.799,     8431.261
      52.315,      226000,  1793004.950,     8655.152
      52.546,      227000,  1801436.576,     8431.626
      52.778,      228000,  1809930.454,     8493.878
      53.009,      229000,  1818299.421,     8368.966
      53.241,      230000,  1826683.744,     8384.323
      53.472,      231000,  1834850.570,     8166.826
      53.704,      232000,  1843092.493,     8241.923
      53.935,      233000,  1851492.678,     8400.186
      54.167,      234000,  1860092.285,     8599.606
      54.398,      235000,  1868590.826,     8498.541
      54.630,      236000,  1877180.096,     8589.270
      54.861,      237000,  1885770.864,     8590.768
      55.093,      238000,  1894273.005,     8502.141
      55.324,      239000,  1902597.456,     8324.451
      55.556,      240000,  1910758.150,     8160.694
      55.787,      241000,  1919229.699,     8471.549
      56.019,      242000,  1927775.632,     8545.933
      56.250,      243000,  1936297.300,     8521.668
      56.481,      244000,  1944823.715,     8526.416
      56.713,      245000,  1953106.371,     8282.656
      56.944,      246000,  1961409.488,     8303.117
      57.176,      247000,  1970187.152,     8777.664
      57.407,      248000,  1979036.483,     8849.331
      57.639,      249000,  1987636.182,     8599.699
      57.870,      250000,  1996138.016,     8501.834
      58.102,      251000,  2004563.037,     8425.021
      58.333,      252000,  2012910.792,     8347.755
      58.565,      253000,  2021577.897,     8667.105
      58.796,      254000,  2029804.570,     8226.672
      59.028,      255000,  2038116.048,     8311.478
      59.259,      256000,  2046308.160,     8192.112
      59.491,      257000,  2054575.882,     8267.722
      59.722,      258000,  2062855.680,     8279.798
      59.954,      259000,  2071256.662,     8400.982
