Startup CPU time:      131.111 sec summed across  128 PEs.
         Day, Step number,     CPU time, CPU time change
       0.000,           0,      131.111,      131.111
       0.231,        1000,     4270.406,     4139.295
       0.463,        2000,     8583.395,     4312.989
       0.694,        3000,    12551.100,     3967.706
       0.926,        4000,    16455.171,     3904.070
       1.157,        5000,    20437.958,     3982.787
       1.389,        6000,    24563.347,     4125.389
       1.620,        7000,    28754.176,     4190.829
       1.852,        8000,    33158.841,     4404.666
       2.083,        9000,    37739.101,     4580.260
       2.315,       10000,    43215.379,     5476.278
       2.546,       11000,    49238.364,     6022.986
       2.778,       12000,    55433.228,     6194.864
       3.009,       13000,    61583.235,     6150.006
       3.241,       14000,    67727.065,     6143.830
       3.472,       15000,    73949.238,     6222.173
       3.704,       16000,    80434.073,     6484.835
       3.935,       17000,    86734.272,     6300.198
       4.167,       18000,    93143.952,     6409.680
       4.398,       19000,    99568.691,     6424.739
       4.630,       20000,   105979.065,     6410.374
       4.861,       21000,   112350.262,     6371.197
       5.093,       22000,   119211.884,     6861.622
       5.324,       23000,   125921.008,     6709.123
       5.556,       24000,   133628.198,     7707.190
       5.787,       25000,   140805.740,     7177.542
       6.019,       26000,   147354.560,     6548.819
       6.250,       27000,   153867.907,     6513.347
       6.481,       28000,   160319.660,     6451.753
       6.713,       29000,   166933.366,     6613.706
       6.944,       30000,   173751.900,     6818.534
       7.176,       31000,   180530.227,     6778.326
       7.407,       32000,   187259.312,     6729.085
       7.639,       33000,   194255.020,     6995.709
       7.870,       34000,   201279.692,     7024.672
       8.102,       35000,   208055.990,     6776.298
       8.333,       36000,   214976.307,     6920.317
       8.565,       37000,   222184.108,     7207.801
       8.796,       38000,   229186.566,     7002.458
       9.028,       39000,   236073.334,     6886.768
       9.259,       40000,   242964.624,     6891.290
       9.491,       41000,   249927.859,     6963.235
       9.722,       42000,   257052.294,     7124.435
       9.954,       43000,   264211.555,     7159.261
      10.185,       44000,   271307.062,     7095.507
      10.417,       45000,   278505.168,     7198.106
      10.648,       46000,   285455.638,     6950.470
      10.880,       47000,   292468.422,     7012.784
      11.111,       48000,   299635.193,     7166.771
      11.343,       49000,   306985.721,     7350.528
      11.574,       50000,   314386.832,     7401.110
      11.806,       51000,   321684.592,     7297.760
      12.037,       52000,   328966.972,     7282.381
      12.269,       53000,   336515.961,     7548.989
      12.500,       54000,   344239.088,     7723.127
      12.731,       55000,   352184.694,     7945.606
      12.963,       56000,   359967.411,     7782.717
      13.194,       57000,   367739.190,     7771.779
      13.426,       58000,   375524.281,     7785.091
      13.657,       59000,   383152.752,     7628.470
      13.889,       60000,   390998.064,     7845.312
      14.120,       61000,   398951.382,     7953.318
      14.352,       62000,   406930.992,     7979.610
      14.583,       63000,   415071.603,     8140.611
      14.815,       64000,   422936.060,     7864.457
      15.046,       65000,   431077.561,     8141.501
      15.278,       66000,   439369.072,     8291.510
      15.509,       67000,   447841.820,     8472.749
      15.741,       68000,   456486.246,     8644.426
      15.972,       69000,   465084.252,     8598.006
      16.204,       70000,   473792.505,     8708.253
      16.435,       71000,   482443.808,     8651.302
      16.667,       72000,   491219.882,     8776.074
      16.898,       73000,   500178.796,     8958.915
      17.130,       74000,   508683.801,     8505.005
      17.361,       75000,   517481.676,     8797.875
      17.593,       76000,   525963.667,     8481.990
      17.824,       77000,   534584.083,     8620.416
      18.056,       78000,   542749.286,     8165.203
      18.287,       79000,   551139.917,     8390.630
      18.519,       80000,   559007.904,     7867.987
      18.750,       81000,   566934.493,     7926.589
      18.981,       82000,   575189.718,     8255.225
      19.213,       83000,   583745.456,     8555.738
      19.444,       84000,   592615.926,     8870.470
      19.676,       85000,   601915.235,     9299.309
      19.907,       86000,   610592.764,     8677.530
      20.139,       87000,   619685.126,     9092.362
      20.370,       88000,   628332.668,     8647.542
      20.602,       89000,   637229.769,     8897.101
      20.833,       90000,   646152.650,     8922.880
      21.065,       91000,   655053.014,     8900.364
      21.296,       92000,   664163.612,     9110.598
      21.528,       93000,   673027.078,     8863.466
      21.759,       94000,   681831.929,     8804.851
      21.991,       95000,   690734.320,     8902.390
      22.222,       96000,   699503.011,     8768.691
      22.454,       97000,   708161.993,     8658.982
      22.685,       98000,   716869.248,     8707.254
      22.917,       99000,   725482.931,     8613.684
      23.148,      100000,   733768.409,     8285.478
      23.380,      101000,   742149.292,     8380.883
      23.611,      102000,   750995.123,     8845.830
      23.843,      103000,   759516.963,     8521.840
      24.074,      104000,   767609.916,     8092.954
      24.306,      105000,   776641.622,     9031.706
      24.537,      106000,   786341.072,     9699.450
      24.769,      107000,   795694.950,     9353.878
      25.000,      108000,   804685.040,     8990.090
      25.231,      109000,   813579.987,     8894.947
      25.463,      110000,   822056.089,     8476.102
      25.694,      111000,   830566.147,     8510.058
      25.926,      112000,   839040.793,     8474.646
      26.157,      113000,   847414.832,     8374.038
      26.389,      114000,   855959.875,     8545.043
      26.620,      115000,   864651.801,     8691.926
      26.852,      116000,   873168.707,     8516.906
      27.083,      117000,   881700.912,     8532.205
      27.315,      118000,   890501.744,     8800.832
      27.546,      119000,   899546.320,     9044.576
      27.778,      120000,   908391.100,     8844.781
      28.009,      121000,   917205.648,     8814.547
      28.241,      122000,   925845.817,     8640.170
      28.472,      123000,   934607.990,     8762.173
      28.704,      124000,   943522.019,     8914.029
      28.935,      125000,   952457.689,     8935.670
      29.167,      126000,   961456.502,     8998.813
      29.398,      127000,   970909.504,     9453.001
      29.630,      128000,   980296.054,     9386.550
      29.861,      129000,   989398.230,     9102.176
      30.093,      130000,   998950.012,     9551.782
      30.324,      131000,  1008067.939,     9117.926
      30.556,      132000,  1016992.579,     8924.640
      30.787,      133000,  1026009.110,     9016.531
      31.019,      134000,  1034621.056,     8611.946
      31.250,      135000,  1043128.285,     8507.229
      31.481,      136000,  1051905.731,     8777.446
      31.713,      137000,  1060740.742,     8835.011
      31.944,      138000,  1069462.758,     8722.016
      32.176,      139000,  1078299.344,     8836.586
      32.407,      140000,  1086947.468,     8648.125
      32.639,      141000,  1095602.950,     8655.482
      32.870,      142000,  1104245.590,     8642.640
      33.102,      143000,  1112824.016,     8578.426
      33.333,      144000,  1121679.606,     8855.591
      33.565,      145000,  1130590.294,     8910.688
      33.796,      146000,  1139290.873,     8700.579
      34.028,      147000,  1147995.907,     8705.034
      34.259,      148000,  1156757.923,     8762.016
      34.491,      149000,  1165612.563,     8854.640
      34.722,      150000,  1174441.974,     8829.411
      34.954,      151000,  1183255.555,     8813.581
      35.185,      152000,  1191964.726,     8709.171
      35.417,      153000,  1200531.386,     8566.660
      35.648,      154000,  1209149.820,     8618.435
      35.880,      155000,  1217831.820,     8682.000
      36.111,      156000,  1226593.465,     8761.645
      36.343,      157000,  1235593.859,     9000.394
      36.574,      158000,  1244789.520,     9195.661
      36.806,      159000,  1254063.286,     9273.766
      37.037,      160000,  1263406.707,     9343.421
      37.269,      161000,  1272905.548,     9498.842
      37.500,      162000,  1282182.573,     9277.024
      37.731,      163000,  1291676.822,     9494.249
      37.963,      164000,  1301074.707,     9397.885
      38.194,      165000,  1310392.480,     9317.773
      38.426,      166000,  1319815.228,     9422.749
      38.657,      167000,  1329256.640,     9441.411
      38.889,      168000,  1338612.236,     9355.597
      39.120,      169000,  1347591.734,     8979.498
      39.352,      170000,  1356485.980,     8894.246
      39.583,      171000,  1365753.027,     9267.047
      39.815,      172000,  1375017.561,     9264.534
      40.046,      173000,  1384143.635,     9126.074
      40.278,      174000,  1392919.209,     8775.574
      40.509,      175000,  1402005.856,     9086.646
      40.741,      176000,  1411145.174,     9139.318
      40.972,      177000,  1420372.630,     9227.456
      41.204,      178000,  1430097.612,     9724.982
      41.435,      179000,  1439894.211,     9796.598
      41.667,      180000,  1449342.653,     9448.442
      41.898,      181000,  1458843.008,     9500.355
      42.130,      182000,  1468394.800,     9551.792
      42.361,      183000,  1478002.105,     9607.306
      42.593,      184000,  1487678.499,     9676.394
      42.824,      185000,  1497538.828,     9860.330
      43.056,      186000,  1507331.772,     9792.944
      43.287,      187000,  1517269.158,     9937.386
      43.519,      188000,  1527261.545,     9992.387
      43.750,      189000,  1537071.632,     9810.087
      43.981,      190000,  1546550.412,     9478.781
      44.213,      191000,  1556136.742,     9586.330
      44.444,      192000,  1565646.665,     9509.923
      44.676,      193000,  1574911.830,     9265.165
      44.907,      194000,  1584286.534,     9374.704
      45.139,      195000,  1593959.596,     9673.062
      45.370,      196000,  1603545.315,     9585.718
      45.602,      197000,  1613080.121,     9534.806
      45.833,      198000,  1622885.971,     9805.850
      46.065,      199000,  1632668.598,     9782.627
      46.296,      200000,  1642219.302,     9550.704
      46.528,      201000,  1651697.440,     9478.138
      46.759,      202000,  1660899.091,     9201.651
      46.991,      203000,  1670346.409,     9447.318
      47.222,      204000,  1679885.328,     9538.918
      47.454,      205000,  1689414.083,     9528.755
      47.685,      206000,  1699168.617,     9754.534
      47.917,      207000,  1708507.168,     9338.551
      48.148,      208000,  1717933.833,     9426.665
      48.380,      209000,  1727500.262,     9566.429
      48.611,      210000,  1736848.921,     9348.659
      48.843,      211000,  1746186.649,     9337.728
      49.074,      212000,  1755516.851,     9330.202
      49.306,      213000,  1764903.939,     9387.088
      49.537,      214000,  1774420.099,     9516.160
      49.769,      215000,  1783733.100,     9313.002
      50.000,      216000,  1793078.301,     9345.200
      50.231,      217000,  1802174.102,     9095.801
      50.463,      218000,  1811128.281,     8954.179
      50.694,      219000,  1820663.552,     9535.270
      50.926,      220000,  1830206.643,     9543.091
      51.157,      221000,  1839581.545,     9374.902
      51.389,      222000,  1849147.228,     9565.683
      51.620,      223000,  1858978.681,     9831.453
      51.852,      224000,  1868547.100,     9568.419
      52.083,      225000,  1878216.966,     9669.866
      52.315,      226000,  1887699.897,     9482.931
      52.546,      227000,  1897078.108,     9378.211
      52.778,      228000,  1906788.131,     9710.022
      53.009,      229000,  1916532.950,     9744.819
      53.241,      230000,  1926289.548,     9756.598
      53.472,      231000,  1936099.548,     9810.000
      53.704,      232000,  1945653.107,     9553.558
      53.935,      233000,  1954834.137,     9181.030
      54.167,      234000,  1964063.056,     9228.919
      54.398,      235000,  1973316.195,     9253.139
      54.630,      236000,  1982699.120,     9382.925
      54.861,      237000,  1992173.817,     9474.698
      55.093,      238000,  2001472.044,     9298.227
      55.324,      239000,  2011061.830,     9589.786
      55.556,      240000,  2020662.956,     9601.126
      55.787,      241000,  2030392.339,     9729.382
      56.019,      242000,  2039569.248,     9176.909
      56.250,      243000,  2048907.510,     9338.263
      56.481,      244000,  2058504.009,     9596.499
      56.713,      245000,  2067612.800,     9108.790
      56.944,      246000,  2076863.491,     9250.691
      57.176,      247000,  2085731.468,     8867.978
      57.407,      248000,  2094569.641,     8838.173
      57.639,      249000,  2103868.358,     9298.717
      57.870,      250000,  2113304.172,     9435.814
      58.102,      251000,  2122620.096,     9315.923
      58.333,      252000,  2132361.923,     9741.827
      58.565,      253000,  2141599.609,     9237.686
      58.796,      254000,  2150728.291,     9128.682
      59.028,      255000,  2159471.897,     8743.606
      59.259,      256000,  2167861.840,     8389.942
      59.491,      257000,  2176681.673,     8819.834
      59.722,      258000,  2184721.084,     8039.411
      59.954,      259000,  2193479.376,     8758.291
      60.185,      260000,  2202172.748,     8693.373
      60.417,      261000,  2211431.395,     9258.647
      60.648,      262000,  2220778.694,     9347.299
      60.880,      263000,  2230175.420,     9396.726
      61.111,      264000,  2239584.294,     9408.874
      61.343,      265000,  2248954.172,     9369.878
      61.574,      266000,  2258361.264,     9407.091
      61.806,      267000,  2267739.344,     9378.080
      62.037,      268000,  2276915.968,     9176.624
      62.269,      269000,  2286084.262,     9168.294
      62.500,      270000,  2295600.502,     9516.240
      62.731,      271000,  2304988.982,     9388.480
      62.963,      272000,  2314414.064,     9425.082
      63.194,      273000,  2323910.729,     9496.666
      63.426,      274000,  2332789.929,     8879.200
      63.657,      275000,  2342426.950,     9637.021
      63.889,      276000,  2352020.233,     9593.283
      64.120,      277000,  2361631.660,     9611.427
      64.352,      278000,  2371252.950,     9621.290
      64.583,      279000,  2381085.930,     9832.979
      64.815,      280000,  2390735.225,     9649.296
      65.046,      281000,  2399792.838,     9057.613
      65.278,      282000,  2409278.192,     9485.354
      65.509,      283000,  2418775.392,     9497.200
      65.741,      284000,  2428508.153,     9732.762
      65.972,      285000,  2438083.350,     9575.197
      66.204,      286000,  2447430.342,     9346.992
      66.435,      287000,  2456922.729,     9492.387
      66.667,      288000,  2466709.856,     9787.127
      66.898,      289000,  2475989.689,     9279.833
      67.130,      290000,  2485248.236,     9258.547
      67.361,      291000,  2493938.860,     8690.624
      67.593,      292000,  2502128.169,     8189.309
      67.824,      293000,  2510244.928,     8116.758
      68.056,      294000,  2518485.856,     8240.928
      68.287,      295000,  2526259.756,     7773.901
      68.519,      296000,  2534307.100,     8047.344
      68.750,      297000,  2542069.837,     7762.736
      68.981,      298000,  2550462.064,     8392.227
      69.213,      299000,  2558797.657,     8335.594
      69.444,      300000,  2567465.852,     8668.195
      69.676,      301000,  2576390.012,     8924.160
      69.907,      302000,  2585536.009,     9145.997
      70.139,      303000,  2594629.714,     9093.705
      70.370,      304000,  2603449.283,     8819.569
      70.602,      305000,  2612088.777,     8639.494
      70.833,      306000,  2620869.674,     8780.896
      71.065,      307000,  2629442.691,     8573.017
      71.296,      308000,  2638011.318,     8568.627
      71.528,      309000,  2646579.388,     8568.070
      71.759,      310000,  2655143.948,     8564.560
      71.991,      311000,  2663214.582,     8070.634
      72.222,      312000,  2671365.168,     8150.586
      72.454,      313000,  2679345.872,     7980.704
      72.685,      314000,  2687131.971,     7786.099
      72.917,      315000,  2694959.866,     7827.895
      73.148,      316000,  2703048.883,     8089.017
      73.380,      317000,  2711359.414,     8310.531
      73.611,      318000,  2719981.318,     8621.904
      73.843,      319000,  2728685.760,     8704.442
      74.074,      320000,  2737185.440,     8499.680
      74.306,      321000,  2745894.326,     8708.886
      74.537,      322000,  2754580.726,     8686.400
      74.769,      323000,  2763322.880,     8742.154
      75.000,      324000,  2771846.051,     8523.172
