Startup CPU time:      623.124 sec summed across  320 PEs.
         Day, Step number,     CPU time, CPU time change
       0.000,           0,      623.124,      623.124
       1.736,        1000,    19881.927,    19258.803
       3.472,        2000,    42969.418,    23087.491
       5.208,        3000,    67548.842,    24579.424
       6.944,        4000,    94792.583,    27243.740
       8.681,        5000,   128427.216,    33634.634
      10.417,        6000,   163061.476,    34634.260
      12.153,        7000,   197665.386,    34603.910
      13.889,        8000,   232895.847,    35230.461
      15.625,        9000,   267198.814,    34302.967
      17.361,       10000,   302717.472,    35518.659
      19.097,       11000,   337879.984,    35162.512
      20.833,       12000,   374569.281,    36689.296
      22.569,       13000,   410716.916,    36147.635
      24.306,       14000,   446956.151,    36239.235
      26.042,       15000,   485670.573,    38714.423
      27.778,       16000,   519662.669,    33992.096
      29.514,       17000,   552500.954,    32838.285
      31.250,       18000,   583024.116,    30523.162
      32.986,       19000,   614302.036,    31277.920
      34.722,       20000,   645255.639,    30953.603
      36.458,       21000,   675311.063,    30055.424
      38.194,       22000,   704992.016,    29680.953
      39.931,       23000,   735181.296,    30189.280
      41.667,       24000,   764981.431,    29800.135
      43.403,       25000,   793668.772,    28687.341
      45.139,       26000,   823231.965,    29563.194
      46.875,       27000,   852208.813,    28976.848
      48.611,       28000,   882781.476,    30572.662
      50.347,       29000,   916676.558,    33895.082
      52.083,       30000,   948014.077,    31337.519
      53.819,       31000,   979024.644,    31010.566
      55.556,       32000,  1010518.829,    31494.186
      57.292,       33000,  1044400.705,    33881.875
      59.028,       34000,  1078420.218,    34019.513
