Startup CPU time:   154623.298 sec summed across 2560 PEs.
         Day, Step number,     CPU time, CPU time change
       0.000,           0,   154623.298,   154623.298
       0.231,        1000,   935760.471,   781137.174
       0.463,        2000,  1728468.740,   792708.269
       0.694,        3000,  2489325.086,   760856.346
       0.926,        4000,  3213241.256,   723916.170
       1.157,        5000,  3924715.111,   711473.855
       1.389,        6000,  4675798.676,   751083.565
       1.620,        7000,  5425826.702,   750028.026
       1.852,        8000,  6183844.194,   758017.492
       2.083,        9000,  6921968.259,   738124.065
       2.315,       10000,  7634826.199,   712857.940
       2.546,       11000,  8347238.135,   712411.936
       2.778,       12000,  9066930.077,   719691.942
       3.009,       13000,  9764929.377,   697999.300
       3.241,       14000, 10429634.676,   664705.299
       3.472,       15000, 11147582.439,   717947.763
       3.704,       16000, 11850393.085,   702810.646
       3.935,       17000, 12560389.104,   709996.019
       4.167,       18000, 13285454.664,   725065.559
       4.398,       19000, 14021262.593,   735807.929
       4.630,       20000, 14771458.382,   750195.789
       4.861,       21000, 15549649.289,   778190.907
       5.093,       22000, 16305355.474,   755706.185
       5.324,       23000, 17065304.225,   759948.751
       5.556,       24000, 17853847.761,   788543.537
       5.787,       25000, 18617255.166,   763407.404
       6.019,       26000, 19354913.569,   737658.403
       6.250,       27000, 20107772.224,   752858.655
       6.481,       28000, 20872979.332,   765207.108
       6.713,       29000, 21634694.613,   761715.282
       6.944,       30000, 22432080.660,   797386.047
       7.176,       31000, 23185675.137,   753594.477
       7.407,       32000, 23941327.383,   755652.246
       7.639,       33000, 24819460.414,   878133.030
       7.870,       34000, 25688268.865,   868808.451
       8.102,       35000, 26532507.127,   844238.262
       8.333,       36000, 27375713.950,   843206.823
       8.565,       37000, 28187336.705,   811622.755
       8.796,       38000, 29031322.554,   843985.850
       9.028,       39000, 29895643.297,   864320.743
       9.259,       40000, 30729606.135,   833962.838
       9.491,       41000, 31519314.580,   789708.445
       9.722,       42000, 32312698.115,   793383.535
       9.954,       43000, 33116421.582,   803723.467
      10.185,       44000, 33949724.617,   833303.036
      10.417,       45000, 34766800.586,   817075.969
      10.648,       46000, 35593427.822,   826627.236
      10.880,       47000, 36422903.502,   829475.680
      11.111,       48000, 37216382.410,   793478.909
      11.343,       49000, 38042467.719,   826085.309
      11.574,       50000, 38900726.146,   858258.427
      11.806,       51000, 39738518.926,   837792.780
      12.037,       52000, 40562009.454,   823490.528
      12.269,       53000, 41426101.175,   864091.722
      12.500,       54000, 42220514.651,   794413.475
      12.731,       55000, 43053531.246,   833016.596
      12.963,       56000, 43893406.750,   839875.503
      13.194,       57000, 44746355.799,   852949.050
      13.426,       58000, 45611843.061,   865487.261
      13.657,       59000, 46495816.247,   883973.187
      13.889,       60000, 47259726.516,   763910.269
      14.120,       61000, 48020717.104,   760990.588
      14.352,       62000, 48842955.540,   822238.436
      14.583,       63000, 49691792.064,   848836.524
      14.815,       64000, 50464667.412,   772875.348
      15.046,       65000, 51225159.380,   760491.968
      15.278,       66000, 51970695.140,   745535.760
      15.509,       67000, 52712046.145,   741351.005
      15.741,       68000, 53427608.852,   715562.707
      15.972,       69000, 54154350.170,   726741.318
      16.204,       70000, 54868270.782,   713920.611
      16.435,       71000, 55579736.321,   711465.539
      16.667,       72000, 56315681.473,   735945.152
      16.898,       73000, 57023030.161,   707348.688
      17.130,       74000, 57728087.473,   705057.312
      17.361,       75000, 58460914.519,   732827.046
      17.593,       76000, 59199598.010,   738683.491
      17.824,       77000, 59951972.449,   752374.438
      18.056,       78000, 60734487.614,   782515.166
      18.287,       79000, 61521284.535,   786796.921
      18.519,       80000, 62316620.846,   795336.311
      18.750,       81000, 63087371.323,   770750.477
      18.981,       82000, 63908066.646,   820695.324
      19.213,       83000, 64757462.404,   849395.758
      19.444,       84000, 65566313.220,   808850.816
      19.676,       85000, 66431198.554,   864885.334
      19.907,       86000, 67286728.001,   855529.446
      20.139,       87000, 68171633.447,   884905.446
      20.370,       88000, 69001193.847,   829560.400
      20.602,       89000, 69852155.678,   850961.830
      20.833,       90000, 70700444.238,   848288.561
      21.065,       91000, 71468708.642,   768264.404
      21.296,       92000, 72214106.618,   745397.976
      21.528,       93000, 72964569.334,   750462.715
      21.759,       94000, 73716163.121,   751593.787
      21.991,       95000, 74417793.425,   701630.304
      22.222,       96000, 75147877.322,   730083.898
      22.454,       97000, 75892270.714,   744393.392
      22.685,       98000, 76642933.911,   750663.197
      22.917,       99000, 77392317.118,   749383.207
      23.148,      100000, 78141247.185,   748930.067
      23.380,      101000, 78888395.262,   747148.077
      23.611,      102000, 79643377.476,   754982.214
      23.843,      103000, 80394395.188,   751017.712
      24.074,      104000, 81147117.719,   752722.531
      24.306,      105000, 81879522.218,   732404.499
      24.537,      106000, 82641165.607,   761643.388
      24.769,      107000, 83365177.571,   724011.964
      25.000,      108000, 84087956.642,   722779.071
      25.231,      109000, 84823847.793,   735891.151
      25.463,      110000, 85597131.039,   773283.246
      25.694,      111000, 86340374.397,   743243.358
      25.926,      112000, 87117245.962,   776871.566
      26.157,      113000, 87868879.518,   751633.555
      26.389,      114000, 88633639.543,   764760.026
      26.620,      115000, 89394293.777,   760654.234
      26.852,      116000, 90158447.222,   764153.446
      27.083,      117000, 90935272.709,   776825.486
      27.315,      118000, 91718840.672,   783567.963
      27.546,      119000, 92479677.633,   760836.961
      27.778,      120000, 93239954.145,   760276.512
      28.009,      121000, 94019127.670,   779173.525
      28.241,      122000, 94735346.238,   716218.567
      28.472,      123000, 95505864.351,   770518.113
      28.704,      124000, 96304835.287,   798970.936
      28.935,      125000, 97047180.560,   742345.274
      29.167,      126000, 97793926.254,   746745.693
      29.398,      127000, 98568220.065,   774293.811
      29.630,      128000, 99336368.682,   768148.618
      29.861,      129000, ************,   755639.552
      30.093,      130000, ************,   787399.185
      30.324,      131000, ************,   752932.488
      30.556,      132000, ************,   756015.933
      30.787,      133000, ************,   769605.955
      31.019,      134000, ************,   773038.078
      31.250,      135000, ************,   730521.906
      31.481,      136000, ************,   757508.192
      31.713,      137000, ************,   776750.381
      31.944,      138000, ************,   768759.696
      32.176,      139000, ************,   763869.670
      32.407,      140000, ************,   767559.587
      32.639,      141000, ************,   784645.793
      32.870,      142000, ************,   756732.755
      33.102,      143000, ************,   766628.348
      33.333,      144000, ************,   839390.732
      33.565,      145000, ************,   758854.935
      33.796,      146000, ************,   794818.461
      34.028,      147000, ************,   782609.336
      34.259,      148000, ************,   801381.745
      34.491,      149000, ************,   825591.579
      34.722,      150000, ************,   806887.542
      34.954,      151000, ************,   768628.897
      35.185,      152000, ************,   806028.762
      35.417,      153000, ************,   790047.093
      35.648,      154000, ************,   852722.863
      35.880,      155000, ************,   796650.933
      36.111,      156000, ************,   759102.717
      36.343,      157000, ************,   777057.603
      36.574,      158000, ************,   754673.849
      36.806,      159000, ************,   802972.261
      37.037,      160000, ************,   805358.546
      37.269,      161000, ************,   790176.816
      37.500,      162000, ************,   800733.095
      37.731,      163000, ************,   793970.560
      37.963,      164000, ************,   776784.579
      38.194,      165000, ************,   801441.736
      38.426,      166000, ************,   789929.027
      38.657,      167000, ************,   790955.221
      38.889,      168000, ************,   776420.883
      39.120,      169000, ************,   785683.867
      39.352,      170000, ************,   788094.249
      39.583,      171000, ************,   793847.752
      39.815,      172000, ************,   802767.224
