Startup CPU time:    12637.462 sec summed across 1280 PEs.
         Day, Step number,     CPU time, CPU time change
       0.000,           0,    12637.462,    12637.462
       1.157,        1000,    87721.188,    75083.727
       2.315,        2000,   167082.257,    79361.069
       3.472,        3000,   255350.177,    88267.920
       4.630,        4000,   346726.270,    91376.093
       5.787,        5000,   440385.422,    93659.152
       6.944,        6000,   529435.732,    89050.310
       8.102,        7000,   622408.506,    92972.773
       9.259,        8000,   722208.577,    99800.072
      10.417,        9000,   816799.451,    94590.874
      11.574,       10000,   926278.097,   109478.646
      12.731,       11000,  1037582.928,   111304.831
      13.889,       12000,  1153958.414,   116375.486
      15.046,       13000,  1273360.916,   119402.502
      16.204,       14000,  1383183.323,   109822.406
      17.361,       15000,  1501947.446,   118764.123
      18.519,       16000,  1621123.236,   119175.790
      19.676,       17000,  1747517.976,   126394.739
      20.833,       18000,  1865671.563,   118153.588
      21.991,       19000,  1991411.432,   125739.868
      23.148,       20000,  2121422.481,   130011.050
      24.306,       21000,  2242641.716,   121219.235
      25.463,       22000,  2357407.931,   114766.214
      26.620,       23000,  2483190.040,   125782.109
      27.778,       24000,  2612998.065,   129808.026
      28.935,       25000,  2740636.427,   127638.362
      30.093,       26000,  2866394.936,   125758.509
      31.250,       27000,  2979726.141,   113331.205
      32.407,       28000,  3094275.016,   114548.875
      33.565,       29000,  3207557.233,   113282.218
      34.722,       30000,  3313213.492,   105656.259
      35.880,       31000,  3426934.763,   113721.270
      37.037,       32000,  3537629.201,   110694.438
      38.194,       33000,  3647855.556,   110226.355
      39.352,       34000,  3764756.270,   116900.714
      40.509,       35000,  3882128.827,   117372.556
      41.667,       36000,  3996474.361,   114345.534
      42.824,       37000,  4121211.671,   124737.311
      43.981,       38000,  4240585.131,   119373.459
      45.139,       39000,  4365894.923,   125309.792
      46.296,       40000,  4492748.516,   126853.594
      47.454,       41000,  4618948.024,   126199.507
      48.611,       42000,  4743158.932,   124210.909
      49.769,       43000,  4874334.635,   131175.702
      50.926,       44000,  5011659.710,   137325.075
      52.083,       45000,  5145138.643,   133478.933
      53.241,       46000,  5283430.430,   138291.787
      54.398,       47000,  5420430.096,   136999.665
      55.556,       48000,  5558383.458,   137953.363
      56.713,       49000,  5687322.030,   128938.572
      57.870,       50000,  5815934.699,   128612.669
      59.028,       51000,  5939535.083,   123600.384
