Startup CPU time:     1040.598 sec summed across  320 PEs.
         Day, Step number,     CPU time, CPU time change
       0.000,           0,     1040.598,     1040.598
       1.736,        1000,    14015.915,    12975.318
       3.472,        2000,    28669.218,    14653.302
       5.208,        3000,    45791.183,    17121.965
       6.944,        4000,    64193.720,    18402.537
       8.681,        5000,    83949.304,    19755.584
      10.417,        6000,   104097.983,    20148.679
      12.153,        7000,   126409.826,    22311.843
      13.889,        8000,   151252.549,    24842.723
      15.625,        9000,   178852.204,    27599.655
      17.361,       10000,   207878.856,    29026.653
      19.097,       11000,   241341.595,    33462.739
      20.833,       12000,   275844.997,    34503.402
      22.569,       13000,   313934.735,    38089.737
      24.306,       14000,   352447.951,    38513.216
      26.042,       15000,   386008.229,    33560.279
      27.778,       16000,   420266.031,    34257.801
      29.514,       17000,   456555.391,    36289.360
      31.250,       18000,   494188.034,    37632.643
      32.986,       19000,   531948.603,    37760.569
      34.722,       20000,   570735.474,    38786.871
      36.458,       21000,   604279.212,    33543.738
      38.194,       22000,   638417.992,    34138.781
      39.931,       23000,   678263.026,    39845.034
      41.667,       24000,   710535.333,    32272.307
      43.403,       25000,   746736.565,    36201.232
      45.139,       26000,   777941.045,    31204.480
      46.875,       27000,   806705.413,    28764.368
      48.611,       28000,   839937.202,    33231.789
      50.347,       29000,   870780.988,    30843.786
      52.083,       30000,   905048.277,    34267.290
      53.819,       31000,   939689.784,    34641.507
      55.556,       32000,   978363.733,    38673.949
      57.292,       33000,  1019544.613,    41180.880
      59.028,       34000,  1056777.528,    37232.915
