Startup CPU time:      160.981 sec summed across  128 PEs.
         Day, Step number,     CPU time, CPU time change
       0.000,           0,      160.981,      160.981
       0.231,        1000,     4680.394,     4519.412
       0.463,        2000,     9868.214,     5187.821
       0.694,        3000,    14854.682,     4986.467
       0.926,        4000,    19372.445,     4517.763
       1.157,        5000,    23802.294,     4429.850
       1.389,        6000,    28382.083,     4579.789
       1.620,        7000,    32971.037,     4588.954
       1.852,        8000,    37715.539,     4744.502
       2.083,        9000,    42561.485,     4845.946
       2.315,       10000,    47011.510,     4450.025
       2.546,       11000,    51557.674,     4546.163
       2.778,       12000,    56268.144,     4710.470
       3.009,       13000,    60953.203,     4685.059
       3.241,       14000,    65340.448,     4387.245
       3.472,       15000,    69732.349,     4391.901
       3.704,       16000,    74210.941,     4478.592
       3.935,       17000,    78806.256,     4595.315
       4.167,       18000,    83409.370,     4603.114
       4.398,       19000,    87961.021,     4551.651
       4.630,       20000,    92401.987,     4440.966
       4.861,       21000,    96894.816,     4492.829
       5.093,       22000,   101503.437,     4608.621
       5.324,       23000,   105999.968,     4496.531
       5.556,       24000,   110608.109,     4608.141
       5.787,       25000,   115113.805,     4505.696
       6.019,       26000,   119772.013,     4658.208
       6.250,       27000,   124259.459,     4487.447
       6.481,       28000,   128819.373,     4559.913
       6.713,       29000,   133409.434,     4590.061
       6.944,       30000,   137981.843,     4572.410
       7.176,       31000,   142574.272,     4592.429
       7.407,       32000,   147217.414,     4643.142
       7.639,       33000,   151742.112,     4524.698
       7.870,       34000,   156485.904,     4743.792
       8.102,       35000,   161040.070,     4554.166
       8.333,       36000,   165774.432,     4734.362
       8.565,       37000,   170668.918,     4894.486
       8.796,       38000,   175572.518,     4903.600
       9.028,       39000,   180451.453,     4878.934
       9.259,       40000,   185388.570,     4937.117
       9.491,       41000,   190266.310,     4877.741
       9.722,       42000,   195066.227,     4799.917
       9.954,       43000,   199850.595,     4784.368
      10.185,       44000,   204535.152,     4684.557
      10.417,       45000,   209290.202,     4755.050
      10.648,       46000,   214074.064,     4783.862
      10.880,       47000,   218942.595,     4868.531
      11.111,       48000,   223818.995,     4876.400
      11.343,       49000,   228681.235,     4862.240
      11.574,       50000,   233470.720,     4789.485
      11.806,       51000,   238321.059,     4850.339
      12.037,       52000,   243117.875,     4796.816
      12.269,       53000,   247848.118,     4730.243
      12.500,       54000,   252459.671,     4611.552
      12.731,       55000,   256906.986,     4447.315
      12.963,       56000,   261398.477,     4491.491
      13.194,       57000,   266039.690,     4641.213
      13.426,       58000,   270630.013,     4590.324
      13.657,       59000,   275013.350,     4383.337
      13.889,       60000,   279428.416,     4415.066
      14.120,       61000,   283928.662,     4500.246
      14.352,       62000,   288395.302,     4466.640
      14.583,       63000,   293106.368,     4711.066
      14.815,       64000,   297709.664,     4603.296
      15.046,       65000,   302134.211,     4424.547
      15.278,       66000,   306626.822,     4492.611
      15.509,       67000,   310966.285,     4339.462
      15.741,       68000,   315291.629,     4325.344
      15.972,       69000,   319642.310,     4350.682
      16.204,       70000,   323966.419,     4324.109
      16.435,       71000,   328330.915,     4364.496
      16.667,       72000,   332679.802,     4348.887
      16.898,       73000,   337117.520,     4437.718
      17.130,       74000,   341604.355,     4486.835
      17.361,       75000,   346037.632,     4433.277
      17.593,       76000,   350376.029,     4338.397
      17.824,       77000,   354766.147,     4390.118
      18.056,       78000,   359178.281,     4412.134
      18.287,       79000,   363644.432,     4466.151
      18.519,       80000,   368074.237,     4429.805
      18.750,       81000,   372512.746,     4438.509
      18.981,       82000,   376898.512,     4385.766
      19.213,       83000,   381272.998,     4374.486
      19.444,       84000,   385617.731,     4344.733
      19.676,       85000,   389940.046,     4322.315
      19.907,       86000,   394295.165,     4355.118
      20.139,       87000,   398661.210,     4366.045
      20.370,       88000,   402988.746,     4327.536
      20.602,       89000,   407305.824,     4317.078
      20.833,       90000,   411738.573,     4432.749
      21.065,       91000,   416023.248,     4284.675
      21.296,       92000,   420348.691,     4325.443
      21.528,       93000,   424672.998,     4324.307
      21.759,       94000,   428981.184,     4308.186
      21.991,       95000,   433302.746,     4321.562
      22.222,       96000,   437631.238,     4328.493
      22.454,       97000,   441967.443,     4336.205
      22.685,       98000,   446309.533,     4342.090
      22.917,       99000,   450710.883,     4401.351
      23.148,      100000,   455096.496,     4385.613
      23.380,      101000,   459516.976,     4420.480
      23.611,      102000,   463875.674,     4358.698
      23.843,      103000,   468214.582,     4338.909
      24.074,      104000,   472551.504,     4336.922
      24.306,      105000,   476922.835,     4371.331
      24.537,      106000,   481317.498,     4394.662
      24.769,      107000,   485700.698,     4383.200
      25.000,      108000,   490181.424,     4480.727
      25.231,      109000,   494795.862,     4614.438
      25.463,      110000,   499283.523,     4487.661
      25.694,      111000,   503864.851,     4581.328
      25.926,      112000,   508631.235,     4766.384
      26.157,      113000,   513232.288,     4601.053
      26.389,      114000,   517962.803,     4730.515
      26.620,      115000,   522689.088,     4726.285
      26.852,      116000,   527342.854,     4653.766
      27.083,      117000,   531893.588,     4550.733
      27.315,      118000,   536525.056,     4631.468
      27.546,      119000,   541050.298,     4525.242
      27.778,      120000,   545579.360,     4529.062
      28.009,      121000,   550014.717,     4435.357
      28.241,      122000,   554552.880,     4538.163
      28.472,      123000,   559036.112,     4483.232
      28.704,      124000,   563556.746,     4520.634
      28.935,      125000,   568158.333,     4601.587
      29.167,      126000,   572707.172,     4548.839
      29.398,      127000,   577197.152,     4489.980
      29.630,      128000,   581676.227,     4479.075
      29.861,      129000,   586287.645,     4611.418
      30.093,      130000,   590897.373,     4609.728
      30.324,      131000,   595384.154,     4486.781
      30.556,      132000,   599907.082,     4522.928
      30.787,      133000,   604479.642,     4572.560
      31.019,      134000,   609029.270,     4549.629
      31.250,      135000,   613574.532,     4545.261
      31.481,      136000,   617991.264,     4416.733
      31.713,      137000,   622491.373,     4500.109
      31.944,      138000,   627012.822,     4521.450
      32.176,      139000,   631608.186,     4595.363
      32.407,      140000,   636195.514,     4587.328
      32.639,      141000,   640774.115,     4578.602
      32.870,      142000,   645278.589,     4504.474
      33.102,      143000,   649807.830,     4529.242
      33.333,      144000,   654418.980,     4611.149
      33.565,      145000,   658864.438,     4445.459
      33.796,      146000,   663532.822,     4668.384
      34.028,      147000,   668043.139,     4510.317
      34.259,      148000,   672565.232,     4522.093
      34.491,      149000,   677155.110,     4589.878
      34.722,      150000,   681798.509,     4643.398
      34.954,      151000,   686290.643,     4492.134
      35.185,      152000,   690841.110,     4550.467
      35.417,      153000,   695321.172,     4480.061
      35.648,      154000,   699799.709,     4478.537
      35.880,      155000,   704120.608,     4320.899
      36.111,      156000,   708538.285,     4417.677
      36.343,      157000,   712999.466,     4461.181
      36.574,      158000,   717538.986,     4539.520
      36.806,      159000,   722026.419,     4487.434
      37.037,      160000,   726624.742,     4598.323
      37.269,      161000,   731178.480,     4553.738
      37.500,      162000,   735728.333,     4549.853
      37.731,      163000,   740200.339,     4472.006
      37.963,      164000,   744806.490,     4606.150
      38.194,      165000,   749346.112,     4539.622
      38.426,      166000,   753761.878,     4415.766
      38.657,      167000,   758446.698,     4684.819
      38.889,      168000,   762902.723,     4456.026
      39.120,      169000,   767487.776,     4585.053
      39.352,      170000,   771894.141,     4406.365
      39.583,      171000,   776321.076,     4426.935
      39.815,      172000,   780855.805,     4534.729
      40.046,      173000,   785411.702,     4555.898
      40.278,      174000,   790010.883,     4599.181
      40.509,      175000,   794763.834,     4752.950
      40.741,      176000,   799431.280,     4667.446
      40.972,      177000,   803984.016,     4552.736
      41.204,      178000,   808713.584,     4729.568
      41.435,      179000,   813414.419,     4700.835
      41.667,      180000,   818178.573,     4764.154
      41.898,      181000,   823039.613,     4861.040
      42.130,      182000,   827602.957,     4563.344
      42.361,      183000,   832125.002,     4522.045
      42.593,      184000,   836660.790,     4535.789
      42.824,      185000,   841168.662,     4507.872
      43.056,      186000,   845649.920,     4481.258
      43.287,      187000,   850111.526,     4461.606
      43.519,      188000,   854477.280,     4365.754
      43.750,      189000,   859035.396,     4558.116
      43.981,      190000,   863553.984,     4518.588
      44.213,      191000,   867944.534,     4390.550
      44.444,      192000,   872400.150,     4455.616
      44.676,      193000,   876971.251,     4571.101
      44.907,      194000,   881633.683,     4662.432
      45.139,      195000,   886226.538,     4592.854
      45.370,      196000,   890782.106,     4555.568
      45.602,      197000,   895288.618,     4506.512
      45.833,      198000,   899815.885,     4527.267
      46.065,      199000,   904345.526,     4529.641
      46.296,      200000,   908928.278,     4582.752
      46.528,      201000,   913401.433,     4473.155
      46.759,      202000,   917964.118,     4562.685
      46.991,      203000,   922639.683,     4675.565
      47.222,      204000,   927257.277,     4617.594
      47.454,      205000,   932028.899,     4771.622
      47.685,      206000,   936811.718,     4782.819
      47.917,      207000,   941508.381,     4696.663
      48.148,      208000,   946315.510,     4807.129
      48.380,      209000,   951160.483,     4844.973
      48.611,      210000,   955888.285,     4727.802
      48.843,      211000,   960564.224,     4675.939
      49.074,      212000,   965390.374,     4826.150
      49.306,      213000,   970184.650,     4794.275
      49.537,      214000,   974792.080,     4607.430
      49.769,      215000,   979465.354,     4673.274
      50.000,      216000,   984265.047,     4799.693
      50.231,      217000,   988785.280,     4520.233
      50.463,      218000,   993440.733,     4655.453
      50.694,      219000,   998071.990,     4631.258
      50.926,      220000,  1002656.474,     4584.483
      51.157,      221000,  1007198.029,     4541.555
      51.389,      222000,  1011736.864,     4538.835
      51.620,      223000,  1016259.193,     4522.329
      51.852,      224000,  1020694.998,     4435.806
      52.083,      225000,  1025371.098,     4676.100
      52.315,      226000,  1029849.357,     4478.259
      52.546,      227000,  1034296.448,     4447.091
      52.778,      228000,  1038810.922,     4514.474
      53.009,      229000,  1043334.688,     4523.766
      53.241,      230000,  1047802.496,     4467.808
      53.472,      231000,  1052208.397,     4405.901
      53.704,      232000,  1056700.864,     4492.467
      53.935,      233000,  1061274.406,     4573.542
      54.167,      234000,  1065718.346,     4443.940
      54.398,      235000,  1070155.690,     4437.344
      54.630,      236000,  1074604.141,     4448.451
      54.861,      237000,  1079023.846,     4419.706
      55.093,      238000,  1083620.509,     4596.662
      55.324,      239000,  1088090.669,     4470.160
      55.556,      240000,  1092547.462,     4456.794
      55.787,      241000,  1096950.714,     4403.251
      56.019,      242000,  1101347.258,     4396.544
      56.250,      243000,  1105912.340,     4565.082
      56.481,      244000,  1110345.645,     4433.305
      56.713,      245000,  1115056.758,     4711.114
      56.944,      246000,  1119630.240,     4573.482
      57.176,      247000,  1124019.824,     4389.584
      57.407,      248000,  1128428.141,     4408.317
      57.639,      249000,  1132829.933,     4401.792
      57.870,      250000,  1137303.789,     4473.856
      58.102,      251000,  1141885.750,     4581.962
      58.333,      252000,  1146341.344,     4455.594
      58.565,      253000,  1150784.896,     4443.552
      58.796,      254000,  1155163.597,     4378.701
      59.028,      255000,  1159662.883,     4499.286
      59.259,      256000,  1164108.502,     4445.619
      59.491,      257000,  1168648.266,     4539.763
      59.722,      258000,  1173223.696,     4575.430
      59.954,      259000,  1177613.226,     4389.530
