Startup CPU time:       12.301 sec summed across   20 PEs.
         Day, Step number,     CPU time, CPU time change
       0.000,           0,       12.301,       12.301
       3.472,        1000,      517.440,      505.139
       6.944,        2000,     1081.454,      564.014
      10.417,        3000,     1675.910,      594.456
      13.889,        4000,     2454.134,      778.224
      17.361,        5000,     3414.408,      960.274
      20.833,        6000,     4410.930,      996.522
      24.306,        7000,     5572.408,     1161.478
      27.778,        8000,     6742.074,     1169.666
      31.250,        9000,     7904.652,     1162.578
      34.722,       10000,     8976.508,     1071.856
      38.194,       11000,    10121.950,     1145.442
      41.667,       12000,    11174.252,     1052.302
      45.139,       13000,    12199.878,     1025.626
      48.611,       14000,    13075.612,      875.734
      52.083,       15000,    13946.728,      871.116
      55.556,       16000,    14902.840,      956.112
      59.028,       17000,    15935.506,     1032.666
