Startup CPU time:      950.769 sec summed across  320 PEs.
         Day, Step number,     CPU time, CPU time change
       0.000,           0,      950.769,      950.769
       1.736,        1000,    20175.035,    19224.266
       3.472,        2000,    38182.946,    18007.910
       5.208,        3000,    56074.626,    17891.680
       6.944,        4000,    74500.440,    18425.814
       8.681,        5000,    92644.718,    18144.278
      10.417,        6000,   111241.013,    18596.295
      12.153,        7000,   129349.557,    18108.544
      13.889,        8000,   147849.141,    18499.584
      15.625,        9000,   166585.570,    18736.429
      17.361,       10000,   186847.163,    20261.593
      19.097,       11000,   205571.419,    18724.256
      20.833,       12000,   224186.983,    18615.564
      22.569,       13000,   242317.832,    18130.849
      24.306,       14000,   261707.029,    19389.197
      26.042,       15000,   280674.987,    18967.959
      27.778,       16000,   299429.065,    18754.077
      29.514,       17000,   318113.160,    18684.095
      31.250,       18000,   336364.927,    18251.767
      32.986,       19000,   354492.216,    18127.289
      34.722,       20000,   373128.885,    18636.669
      36.458,       21000,   391405.198,    18276.314
      38.194,       22000,   410033.899,    18628.701
      39.931,       23000,   428486.437,    18452.538
      41.667,       24000,   446655.355,    18168.919
      43.403,       25000,   465426.907,    18771.552
      45.139,       26000,   483962.040,    18535.133
      46.875,       27000,   502667.957,    18705.917
      48.611,       28000,   521395.397,    18727.440
      50.347,       29000,   539847.691,    18452.294
      52.083,       30000,   558441.279,    18593.587
      53.819,       31000,   576173.227,    17731.949
      55.556,       32000,   595314.702,    19141.475
      57.292,       33000,   614267.979,    18953.277
      59.028,       34000,   632566.926,    18298.947
