Startup CPU time:      171.601 sec summed across  128 PEs.
         Day, Step number,     CPU time, CPU time change
       0.000,           0,      171.601,      171.601
       0.347,        1000,     5157.268,     4985.668
       0.694,        2000,    10593.921,     5436.653
       1.042,        3000,    15995.189,     5401.267
       1.389,        4000,    21334.258,     5339.070
       1.736,        5000,    26684.414,     5350.156
       2.083,        6000,    32406.398,     5721.984
       2.431,        7000,    38286.987,     5880.588
       2.778,        8000,    43951.809,     5664.822
       3.125,        9000,    49380.200,     5428.391
       3.472,       10000,    54841.816,     5461.616
       3.819,       11000,    60390.337,     5548.522
       4.167,       12000,    66210.670,     5820.333
       4.514,       13000,    72412.347,     6201.676
       4.861,       14000,    78396.836,     5984.490
       5.208,       15000,    84513.976,     6117.140
       5.556,       16000,    90842.030,     6328.054
       5.903,       17000,    97324.017,     6481.987
       6.250,       18000,   104030.273,     6706.256
       6.597,       19000,   110687.659,     6657.385
       6.944,       20000,   117388.907,     6701.248
       7.292,       21000,   124564.270,     7175.364
       7.639,       22000,   131715.563,     7151.292
       7.986,       23000,   138837.160,     7121.597
       8.333,       24000,   145446.782,     6609.623
       8.681,       25000,   151683.256,     6236.473
       9.028,       26000,   158021.572,     6338.317
       9.375,       27000,   164177.889,     6156.317
       9.722,       28000,   170771.284,     6593.395
      10.069,       29000,   177327.211,     6555.926
      10.417,       30000,   183860.299,     6533.088
      10.764,       31000,   190489.960,     6629.660
      11.111,       32000,   197616.929,     7126.970
      11.458,       33000,   205506.274,     7889.344
      11.806,       34000,   213124.382,     7618.109
      12.153,       35000,   220949.764,     7825.382
      12.500,       36000,   228312.936,     7363.172
      12.847,       37000,   234986.440,     6673.504
      13.194,       38000,   241369.265,     6382.826
      13.542,       39000,   247244.565,     5875.300
      13.889,       40000,   253311.128,     6066.563
      14.236,       41000,   259143.707,     5832.579
      14.583,       42000,   265106.322,     5962.615
      14.931,       43000,   271139.998,     6033.676
      15.278,       44000,   277351.067,     6211.069
      15.625,       45000,   283710.578,     6359.511
      15.972,       46000,   290929.668,     7219.091
      16.319,       47000,   298756.225,     7826.557
      16.667,       48000,   306539.736,     7783.511
      17.014,       49000,   314225.086,     7685.350
      17.361,       50000,   321122.686,     6897.600
      17.708,       51000,   327738.542,     6615.856
      18.056,       52000,   333687.112,     5948.569
      18.403,       53000,   339685.556,     5998.445
      18.750,       54000,   345796.245,     6110.688
      19.097,       55000,   351947.851,     6151.606
      19.444,       56000,   358364.820,     6416.970
      19.792,       57000,   365204.433,     6839.613
      20.139,       58000,   372008.478,     6804.045
      20.486,       59000,   378863.636,     6855.158
      20.833,       60000,   385997.899,     7134.263
      21.181,       61000,   393507.512,     7509.613
      21.528,       62000,   401246.798,     7739.287
      21.875,       63000,   408931.838,     7685.040
      22.222,       64000,   416511.550,     7579.712
      22.569,       65000,   423204.942,     6693.392
      22.917,       66000,   429455.854,     6250.912
      23.264,       67000,   435536.209,     6080.355
      23.611,       68000,   441598.606,     6062.397
      23.958,       69000,   447599.918,     6001.312
      24.306,       70000,   453930.798,     6330.880
      24.653,       71000,   460024.280,     6093.482
      25.000,       72000,   466916.344,     6892.064
      25.347,       73000,   474316.456,     7400.112
      25.694,       74000,   482157.707,     7841.251
      26.042,       75000,   489815.131,     7657.424
      26.389,       76000,   497369.099,     7553.968
      26.736,       77000,   504759.089,     7389.990
      27.083,       78000,   511490.440,     6731.351
      27.431,       79000,   518369.720,     6879.280
      27.778,       80000,   525245.437,     6875.718
      28.125,       81000,   531700.133,     6454.695
      28.472,       82000,   537346.865,     5646.733
      28.819,       83000,   543275.131,     5928.266
      29.167,       84000,   548783.278,     5508.148
      29.514,       85000,   555258.603,     6475.324
      29.861,       86000,   562010.644,     6752.042
      30.208,       87000,   569552.491,     7541.847
      30.556,       88000,   577411.665,     7859.174
      30.903,       89000,   585034.680,     7623.014
      31.250,       90000,   592815.166,     7780.487
      31.597,       91000,   600150.523,     7335.356
      31.944,       92000,   606947.908,     6797.386
      32.292,       93000,   613184.171,     6236.263
      32.639,       94000,   619022.337,     5838.166
      32.986,       95000,   624910.788,     5888.451
      33.333,       96000,   630553.361,     5642.573
      33.681,       97000,   636927.524,     6374.163
      34.028,       98000,   643077.620,     6150.096
      34.375,       99000,   649958.280,     6880.659
      34.722,      100000,   657076.801,     7118.521
      35.069,      101000,   665009.115,     7932.314
      35.417,      102000,   672454.081,     7444.967
      35.764,      103000,   680229.825,     7775.744
      36.111,      104000,   687844.545,     7614.720
      36.458,      105000,   694876.901,     7032.355
      36.806,      106000,   700888.875,     6011.974
      37.153,      107000,   706801.281,     5912.406
      37.500,      108000,   712508.520,     5707.239
      37.847,      109000,   717933.713,     5425.193
      38.194,      110000,   724065.073,     6131.360
      38.542,      111000,   730318.251,     6253.178
      38.889,      112000,   736907.764,     6589.513
      39.236,      113000,   743978.468,     7070.704
      39.583,      114000,   751728.395,     7749.927
      39.931,      115000,   759198.824,     7470.428
      40.278,      116000,   766895.579,     7696.755
      40.625,      117000,   774318.629,     7423.050
      40.972,      118000,   781063.656,     6745.027
      41.319,      119000,   787297.953,     6234.298
      41.667,      120000,   793721.282,     6423.328
      42.014,      121000,   800042.126,     6320.845
      42.361,      122000,   806082.664,     6040.538
      42.708,      123000,   812218.117,     6135.453
      43.056,      124000,   818641.617,     6423.501
      43.403,      125000,   824749.032,     6107.414
      43.750,      126000,   831137.797,     6388.765
      44.097,      127000,   838500.324,     7362.528
      44.444,      128000,   846109.627,     7609.302
      44.792,      129000,   853804.670,     7695.043
      45.139,      130000,   861404.926,     7600.256
      45.486,      131000,   868435.044,     7030.118
      45.833,      132000,   875066.389,     6631.344
      46.181,      133000,   881805.364,     6738.976
      46.528,      134000,   888667.019,     6861.654
      46.875,      135000,   895492.267,     6825.248
      47.222,      136000,   901889.400,     6397.132
      47.569,      137000,   908565.956,     6676.557
      47.917,      138000,   914898.120,     6332.163
