
--------------------------

Time     1  48  3.79 U-velocity violation at  118:   8  6 (  74.25 E    0.19 N) Layers 110 to 114. dt =  30.00    

Layers:       110        111        112        113        114 
u(m):  -2.102E+00 -2.230E+00 -2.293E+00 -2.276E+00 -2.143E+00 
u(3):  -1.970E+00 -2.093E+00 -2.151E+00 -2.126E+00 -1.993E+00 
CFL u:  5.044E-01  5.351E-01  5.502E-01  5.461E-01  5.143E-01 
CFL0 u: 5.044E-01  5.351E-01  5.502E-01  5.461E-01  5.143E-01 
CAu:   -3.977E-01 -4.273E-01 -4.358E-01 -4.311E-01 -3.971E-01 
PFu:   -1.132E-01 -1.131E-01 -1.131E-01 -1.131E-01 -1.131E-01 
diffu:  8.044E-03  8.993E-03  9.883E-03  1.009E-02  8.070E-03 
a:      5.361E-01  4.312E-01  3.469E-01  2.691E-01  1.656E-01 
hvel:   6.341E+00  5.591E+00  4.512E+00  3.943E+00  6.036E+00 
Stress:   0.000E+00
dubt:   2.397E-02  2.397E-02  2.397E-02  2.397E-02  2.397E-02 


h--:    8.794E+01  1.094E+02  1.333E+02  9.346E+01  8.611E+01 
h+-:    1.007E+01  8.732E+00  8.057E+00  7.973E+00  8.443E+00 
h-0:    1.268E+01  1.118E+01  9.022E+00  7.886E+00  1.211E+01 
h+0:    3.118E-03  3.118E-03  3.118E-03  3.118E-03  3.118E-03 
h-+:    3.028E-03  3.028E-03  3.028E-03  3.028E-03  3.028E-03 
h++:    6.954E+00  7.384E+00  7.405E+00  7.353E+00  7.342E+00 
e-:    -2.439E+03 -2.452E+03 -2.463E+03 -2.472E+03 -2.480E+03 -2.492E+03 
e+:    -2.499E+03 -2.499E+03 -2.499E+03 -2.499E+03 -2.499E+03 -2.499E+03 
T-:    -8.665E-01 -8.685E-01 -8.706E-01 -8.732E-01 -8.759E-01 
T+:    -8.635E-01 -8.662E-01 -8.691E-01 -8.719E-01 -8.749E-01 
S-:     3.491E+01  3.491E+01  3.491E+01  3.491E+01  3.491E+01 
S+:     3.491E+01  3.491E+01  3.491E+01  3.491E+01  3.491E+01 
vh--:  -2.113E+01 -2.163E+01 -1.869E+01 -1.490E+01 -1.822E+01 
 vhC--:-2.682E+01 -3.804E+01 -4.883E+01 -3.084E+01 -2.307E+01 
vh-+:  -1.388E-03 -1.636E-03 -1.503E-03 -1.499E-03 -1.479E-03 
 vhC-+:-3.867E+00 -3.224E+00 -2.422E+00 -1.980E+00 -2.806E+00 
vh+-:  -4.601E-05 -2.469E-05 -2.472E-05 -2.207E-05 -3.553E-05 
 vhC+-:-8.460E+00 -7.496E+00 -6.941E+00 -6.773E+00 -6.932E+00 
vh++:   3.586E-05  3.136E-05  3.636E-05  3.208E-05  4.605E-05 
 vhC++: 5.185E+00  5.839E+00  6.022E+00  5.900E+00  5.529E+00 
D:      2.499E+03 2.499E+03




--------------------------

Time     1  48  3.80 U-velocity violation at  118:   8  6 (  74.25 E    0.19 N) Layers 109 to 113. dt =  30.00    

Layers:       109        110        111        112        113 
u(m):  -2.122E+00 -2.211E+00 -2.264E+00 -2.273E+00 -2.215E+00 
u(3):  -1.980E+00 -2.059E+00 -2.104E+00 -2.109E+00 -2.058E+00 
CFL u:  5.093E-01  5.306E-01  5.434E-01  5.456E-01  5.315E-01 
CFL0 u: 5.093E-01  5.306E-01  5.434E-01  5.456E-01  5.315E-01 
CAu:   -4.960E-01 -5.365E-01 -5.619E-01 -5.713E-01 -5.694E-01 
PFu:   -1.132E-01 -1.131E-01 -1.131E-01 -1.131E-01 -1.131E-01 
diffu:  9.682E-03  1.054E-02  1.081E-02  1.104E-02  1.046E-02 
a:      5.403E-01  4.978E-01  4.159E-01  3.148E-01  2.381E-01 
hvel:   3.861E+00  2.931E+00  2.959E+00  2.784E+00  3.042E+00 
Stress:   0.000E+00
dubt:   2.757E-02  2.757E-02  2.757E-02  2.757E-02  2.757E-02 


h--:    8.637E+01  9.679E+01  1.176E+02  1.396E+02  1.011E+02 
h+-:    8.755E+00  7.412E+00  6.596E+00  6.202E+00  6.203E+00 
h-0:    7.719E+00  5.859E+00  5.918E+00  5.574E+00  6.149E+00 
h+0:    3.118E-03  3.118E-03  3.118E-03  3.118E-03  3.118E-03 
h-+:    3.028E-03  3.028E-03  3.028E-03  3.028E-03  3.028E-03 
h++:    5.800E+00  5.762E+00  6.111E+00  6.305E+00  6.480E+00 
e-:    -2.458E+03 -2.466E+03 -2.472E+03 -2.478E+03 -2.484E+03 -2.490E+03 
e+:    -2.499E+03 -2.499E+03 -2.499E+03 -2.499E+03 -2.499E+03 -2.499E+03 
T-:    -8.649E-01 -8.669E-01 -8.691E-01 -8.713E-01 -8.737E-01 
T+:    -8.602E-01 -8.635E-01 -8.662E-01 -8.691E-01 -8.719E-01 
S-:     3.491E+01  3.491E+01  3.491E+01  3.491E+01  3.491E+01 
S+:     3.491E+01  3.491E+01  3.491E+01  3.491E+01  3.491E+01 
vh--:  -1.399E+01 -1.209E+01 -1.338E+01 -1.305E+01 -1.350E+01 
 vhC--:-2.751E+01 -3.536E+01 -4.840E+01 -5.994E+01 -4.026E+01 
vh-+:  -1.041E-03 -9.289E-04 -1.170E-03 -1.093E-03 -1.442E-03 
 vhC-+:-1.924E+00 -1.406E+00 -1.342E+00 -1.168E+00 -1.170E+00 
vh+-:  -4.204E-05 -1.691E-05 -7.974E-06 -4.787E-06 -4.852E-06 
 vhC+-:-7.964E+00 -6.982E+00 -6.322E+00 -5.966E+00 -5.911E+00 
vh++:   3.615E-05  1.465E-05  1.153E-05  8.161E-06  8.460E-06 
 vhC++: 4.898E+00  5.192E+00  5.777E+00  6.127E+00  6.285E+00 
D:      2.499E+03 2.499E+03




--------------------------

Time     1  48  3.80 U-velocity violation at  118:   8  6 (  74.25 E    0.19 N) Layers 108 to 110. dt =  30.00    

Layers:       108        109        110 
u(m):  -2.135E+00 -2.211E+00 -2.211E+00 
u(3):  -1.993E+00 -2.069E+00 -2.078E+00 
CFL u:  5.124E-01  5.307E-01  5.307E-01 
CFL0 u: 5.124E-01  5.307E-01  5.307E-01 
CAu:   -5.914E-01 -6.462E-01 -6.809E-01 
PFu:   -8.515E-01 -8.515E-01 -8.514E-01 
diffu:  1.081E-02  1.077E-02  1.054E-02 
a:      4.586E-01  3.575E-01  2.807E-01 
hvel:   2.655E+00  2.462E+00  2.314E+00 
Stress:   0.000E+00
dubt:   7.660E-01  7.660E-01  7.660E-01 


h--:    4.506E+02  9.419E+01  1.017E+02 
h+-:    6.782E+00  5.816E+00  5.143E+00 
h-0:    5.309E+00  4.930E+00  4.668E+00 
h+0:    3.119E-03  3.119E-03  3.119E-03 
h-+:    3.028E-03  3.028E-03  3.028E-03 
h++:    4.858E+00  4.644E+00  4.495E+00 
e-:    -2.473E+03 -2.478E+03 -2.483E+03 -2.488E+03 
e+:    -2.499E+03 -2.499E+03 -2.499E+03 -2.499E+03 
T-:    -8.635E-01 -8.656E-01 -8.677E-01 
T+:    -8.577E-01 -8.602E-01 -8.635E-01 
S-:     3.491E+01  3.491E+01  3.491E+01 
S+:     3.491E+01  3.491E+01  3.491E+01 
vh--:  -9.233E+00 -1.030E+01 -1.094E+01 
 vhC--:-1.293E+02 -3.575E+01 -4.469E+01 
vh-+:  -1.474E-03 -3.528E-03 -1.219E-02 
 vhC-+:-9.508E-01 -8.366E-01 -7.230E-01 
vh+-:  -1.261E-05 -2.124E-06 -1.457E-07 
 vhC+-:-6.587E+00 -5.907E+00 -5.375E+00 
vh++:   1.000E-05  2.252E-06  1.314E-07 
 vhC++: 4.536E+00  4.604E+00  4.666E+00 
D:      2.499E+03 2.499E+03




--------------------------

Time     1  48  3.80 U-velocity violation at  118:   9  6 (  74.38 E    0.19 N) Layers 110 to 114. dt =  30.00    

Layers:       110        111        112        113        114 
u(m):   2.135E+00  2.165E+00  2.170E+00  2.148E+00  2.096E+00 
u(3):   1.978E+00  2.013E+00  2.021E+00  2.002E+00  1.946E+00 
CFL u:  5.124E-01  5.197E-01  5.207E-01  5.156E-01  5.031E-01 
CFL0 u: 5.124E-01  5.197E-01  5.207E-01  5.156E-01  5.031E-01 
CAu:    7.323E-01  7.206E-01  6.755E-01  6.447E-01  6.320E-01 
PFu:    7.023E-01  7.023E-01  7.022E-01  7.022E-01  7.021E-01 
diffu: -9.058E-03 -9.003E-03 -8.925E-03 -8.777E-03 -8.446E-03 
a:      1.007E+00  1.009E+00  9.468E-01  8.468E-01  6.975E-01 
hvel:   3.167E+00  3.094E+00  3.124E+00  3.344E+00  3.948E+00 
Stress:   0.000E+00
dubt:  -7.242E-01 -7.242E-01 -7.242E-01 -7.242E-01 -7.242E-01 


h--:    5.143E+00  4.737E+00  4.561E+00  4.631E+00  4.988E+00 
h+-:    3.209E-03  3.209E-03  3.209E-03  3.209E-03  3.209E-03 
h-0:    3.119E-03  3.119E-03  3.119E-03  3.119E-03  3.119E-03 
h+0:    6.330E+00  6.186E+00  6.246E+00  6.685E+00  7.894E+00 
h-+:    4.495E+00  4.670E+00  4.758E+00  4.749E+00  5.719E+00 
h++:    4.113E+01  1.713E+01  1.255E+01  1.109E+01  1.093E+01 
e-:    -2.499E+03 -2.499E+03 -2.499E+03 -2.499E+03 -2.499E+03 -2.499E+03 
e+:    -2.418E+03 -2.424E+03 -2.430E+03 -2.437E+03 -2.443E+03 -2.451E+03 
T-:    -8.635E-01 -8.662E-01 -8.691E-01 -8.719E-01 -8.749E-01 
T+:    -8.659E-01 -8.686E-01 -8.711E-01 -8.736E-01 -8.761E-01 
S-:     3.491E+01  3.491E+01  3.491E+01  3.491E+01  3.491E+01 
S+:     3.491E+01  3.491E+01  3.491E+01  3.491E+01  3.491E+01 
vh--:  -1.457E-07 -2.920E-06 -5.481E-05 -1.664E-05 -1.077E-04 
 vhC--:-5.375E+00 -5.028E+00 -4.864E+00 -4.918E+00 -5.219E+00 
vh-+:   1.314E-07  4.214E-06  9.569E-05  2.810E-05  1.999E-04 
 vhC-+: 4.666E+00  5.005E+00  5.184E+00  5.176E+00  6.081E+00 
vh+-:  -4.686E-01 -2.197E-01 -3.271E-01 -2.938E-01 -3.954E-01 
 vhC+-:-9.526E-01 -9.349E-01 -9.253E-01 -9.419E-01 -1.008E+00 
vh++:   8.821E+00  6.129E+00  4.562E+00  3.916E+00  3.818E+00 
 vhC++: 1.265E+01  6.254E+00  4.855E+00  4.292E+00  4.066E+00 
D:      2.499E+03 2.499E+03




--------------------------

Time     1  48  3.81 U-velocity violation at  118:   9  6 (  74.38 E    0.19 N) Layers 107 to 115. dt =  30.00    

Layers:       107        108        109        110        111        112        113        114        115 
u(m):   2.116E+00  2.183E+00  2.225E+00  2.251E+00  2.265E+00  2.269E+00  2.263E+00  2.243E+00  2.197E+00 
u(3):   1.974E+00  2.042E+00  2.083E+00  2.106E+00  2.119E+00  2.121E+00  2.116E+00  2.103E+00  2.074E+00 
CFL u:  5.077E-01  5.240E-01  5.340E-01  5.401E-01  5.435E-01  5.446E-01  5.431E-01  5.383E-01  5.272E-01 
CFL0 u: 5.077E-01  5.240E-01  5.340E-01  5.401E-01  5.435E-01  5.446E-01  5.431E-01  5.383E-01  5.272E-01 
CAu:    6.456E-01  6.468E-01  6.081E-01  6.090E-01  6.132E-01  6.133E-01  6.062E-01  5.750E-01  5.230E-01 
PFu:   -1.369E+00 -1.369E+00 -1.369E+00 -1.369E+00 -1.369E+00 -1.370E+00 -1.370E+00 -1.370E+00 -1.370E+00 
diffu: -8.327E-03 -8.852E-03 -9.724E-03 -9.648E-03 -9.892E-03 -1.016E-02 -1.016E-02 -9.970E-03 -7.029E-03 
a:      8.411E-01  9.028E-01  9.633E-01  1.010E+00  1.027E+00  9.851E-01  8.933E-01  7.442E-01  5.253E-01 
hvel:   3.203E+00  2.693E+00  2.322E+00  2.097E+00  2.016E+00  2.024E+00  2.167E+00  2.584E+00  3.642E+00 
Stress:   0.000E+00
dubt:   1.349E+00  1.349E+00  1.349E+00  1.349E+00  1.349E+00  1.349E+00  1.349E+00  1.349E+00  1.349E+00 


h--:    4.668E+00  4.042E+00  3.589E+00  3.282E+00  3.099E+00  3.027E+00  3.079E+00  3.274E+00  3.669E+00 
h+-:    1.076E+00  9.549E-01  8.130E-01  3.209E-03  3.209E-03  3.209E-03  3.209E-03  3.209E-03  3.209E-03 
h-0:    3.118E-03  3.118E-03  3.118E-03  3.118E-03  3.118E-03  3.118E-03  3.118E-03  3.118E-03  3.118E-03 
h+0:    6.403E+00  5.383E+00  4.641E+00  4.191E+00  4.030E+00  4.046E+00  4.330E+00  5.166E+00  7.281E+00 
h-+:    3.366E+00  3.269E+00  3.407E+00  3.477E+00  3.738E+00  4.148E+00  4.884E+00  6.940E+00  3.210E+00 
h++:    1.407E+01  1.715E+01  2.378E+01  3.741E+01  2.113E+01  1.614E+01  1.449E+01  1.440E+01  1.596E+01 
e-:    -2.499E+03 -2.499E+03 -2.499E+03 -2.499E+03 -2.499E+03 -2.499E+03 -2.499E+03 -2.499E+03 -2.499E+03 -2.499E+03 
e+:    -2.428E+03 -2.434E+03 -2.439E+03 -2.444E+03 -2.448E+03 -2.452E+03 -2.456E+03 -2.461E+03 -2.466E+03 -2.473E+03 
T-:    -8.554E-01 -8.577E-01 -8.602E-01 -8.635E-01 -8.662E-01 -8.691E-01 -8.719E-01 -8.749E-01 -8.780E-01 
T+:    -8.580E-01 -8.608E-01 -8.636E-01 -8.663E-01 -8.689E-01 -8.714E-01 -8.739E-01 -8.763E-01 -8.785E-01 
S-:     3.491E+01  3.491E+01  3.491E+01  3.491E+01  3.491E+01  3.491E+01  3.491E+01  3.491E+01  3.491E+01 
S+:     3.491E+01  3.491E+01  3.491E+01  3.491E+01  3.491E+01  3.491E+01  3.491E+01  3.491E+01  3.491E+01 
vh--:  -2.549E-06 -1.521E-05 -1.104E-04 -1.769E-05 -6.634E-05 -5.087E-05 -4.722E-05 -4.116E-05 -8.833E-05 
 vhC--:-4.611E+00 -4.138E+00 -3.762E+00 -3.493E+00 -3.332E+00 -3.272E+00 -3.335E+00 -3.538E+00 -3.934E+00 
vh-+:   1.408E-06  1.064E-05  1.298E-04  1.698E-05  8.642E-05  1.009E-04  1.085E-04  1.227E-04  9.510E-05 
 vhC-+: 3.274E+00  3.304E+00  3.545E+00  3.692E+00  4.020E+00  4.454E+00  5.117E+00  6.562E+00  2.237E+00 
vh+-:  -7.179E-01 -5.061E-01 -3.479E-01 -5.242E-01 -3.207E-01 -2.408E-01 -2.111E-01 -1.635E-01 -6.291E-01 
 vhC+-:-1.495E+00 -1.326E+00 -1.165E+00 -8.964E-01 -8.546E-01 -8.434E-01 -8.782E-01 -1.002E+00 -1.304E+00 
vh++:   5.414E+00  5.952E+00  6.534E+00  6.176E+00  4.642E+00  3.829E+00  3.792E+00  4.516E+00  6.268E+00 
 vhC++: 5.561E+00  6.947E+00  9.640E+00  1.482E+01  8.951E+00  6.963E+00  6.154E+00  5.898E+00  6.195E+00 
D:      2.499E+03 2.499E+03




--------------------------

Time     1  48  3.82 U-velocity violation at  118:   9  6 (  74.38 E    0.19 N) Layers 106 to 114. dt =  30.00    

Layers:       106        107        108        109        110        111        112        113        114 
u(m):   2.124E+00  2.151E+00  2.164E+00  2.168E+00  2.166E+00  2.160E+00  2.150E+00  2.135E+00  2.110E+00 
u(3):   2.049E+00  2.082E+00  2.097E+00  2.104E+00  2.107E+00  2.108E+00  2.107E+00  2.102E+00  2.090E+00 
CFL u:  5.098E-01  5.163E-01  5.194E-01  5.204E-01  5.199E-01  5.185E-01  5.161E-01  5.124E-01  5.064E-01 
CFL0 u: 5.098E-01  5.163E-01  5.194E-01  5.204E-01  5.199E-01  5.185E-01  5.161E-01  5.124E-01  5.064E-01 
CAu:    5.793E-01  5.429E-01  5.367E-01  5.181E-01  4.839E-01  4.346E-01  4.006E-01  3.986E-01  4.001E-01 
PFu:   -2.994E+01 -2.994E+01 -2.994E+01 -2.994E+01 -2.994E+01 -2.994E+01 -2.994E+01 -2.994E+01 -2.994E+01 
diffu: -9.896E-03 -1.046E-02 -1.079E-02 -1.113E-02 -1.096E-02 -1.074E-02 -9.976E-03 -6.240E-03 -6.136E-03 
a:      6.348E-01  7.034E-01  7.944E-01  8.784E-01  9.470E-01  9.373E-01  8.409E-01  7.122E-01  5.869E-01 
hvel:   2.023E+00  1.560E+00  1.260E+00  1.077E+00  9.709E-01  1.006E+00  1.123E+00  1.317E+00  1.548E+00 
Stress:   0.000E+00
dubt:   2.990E+01  2.990E+01  2.990E+01  2.990E+01  2.990E+01  2.990E+01  2.990E+01  2.990E+01  2.990E+01 


h--:    3.160E+00  2.720E+00  2.336E+00  2.075E+00  1.918E+00  1.945E+00  2.142E+00  2.404E+00  2.757E+00 
h+-:    1.350E+00  9.400E-01  8.767E-01  6.771E-01  5.974E-01  7.195E-01  3.417E-01  3.209E-03  3.209E-03 
h-0:    3.108E-03  3.108E-03  3.108E-03  3.108E-03  3.108E-03  3.108E-03  3.108E-03  3.108E-03  3.108E-03 
h+0:    4.044E+00  3.117E+00  2.517E+00  2.151E+00  1.939E+00  2.010E+00  2.246E+00  2.635E+00  3.102E+00 
h-+:    3.068E+00  2.874E+00  2.782E+00  3.035E+00  3.331E+00  4.005E+00  3.931E+00  3.122E-03  3.122E-03 
h++:    1.505E+01  1.686E+01  1.973E+01  2.441E+01  3.276E+01  2.377E+01  1.929E+01  1.784E+01  1.798E+01 
e-:    -2.499E+03 -2.499E+03 -2.499E+03 -2.499E+03 -2.499E+03 -2.499E+03 -2.499E+03 -2.499E+03 -2.499E+03 -2.499E+03 
e+:    -2.459E+03 -2.463E+03 -2.466E+03 -2.469E+03 -2.471E+03 -2.473E+03 -2.475E+03 -2.477E+03 -2.480E+03 -2.483E+03 
T-:    -8.521E-01 -8.554E-01 -8.577E-01 -8.602E-01 -8.635E-01 -8.662E-01 -8.691E-01 -8.719E-01 -8.749E-01 
T+:    -8.557E-01 -8.586E-01 -8.615E-01 -8.642E-01 -8.669E-01 -8.695E-01 -8.720E-01 -8.744E-01 -8.766E-01 
S-:     3.491E+01  3.491E+01  3.491E+01  3.491E+01  3.491E+01  3.491E+01  3.491E+01  3.491E+01  3.491E+01 
S+:     3.491E+01  3.491E+01  3.491E+01  3.491E+01  3.491E+01  3.491E+01  3.491E+01  3.491E+01  3.491E+01 
vh--:  -1.778E-04 -2.347E-05 -8.850E-05 -5.944E-05 -6.720E-05 -5.506E-05 -4.887E-05 -1.442E-04 -1.512E-04 
 vhC--:-3.157E+00 -2.779E+00 -2.415E+00 -2.156E+00 -1.994E+00 -2.014E+00 -2.198E+00 -2.425E+00 -2.690E+00 
vh-+:   9.435E-05  1.563E-05  7.989E-05  1.040E-04  9.417E-05  1.042E-04  1.083E-04  1.852E-05  1.952E-05 
 vhC-+: 3.020E+00  2.892E+00  2.809E+00  3.014E+00  3.146E+00  3.401E+00  3.013E+00  4.742E-03  4.736E-03 
vh+-:  -4.990E-01 -4.263E-01 -3.491E-01 -2.739E-01 -2.571E-01 -2.293E-01 -2.227E-01 -2.180E-01 -2.528E-01 
 vhC+-:-1.450E+00 -1.125E+00 -9.584E-01 -8.053E-01 -7.233E-01 -7.750E-01 -7.281E-01 -7.327E-01 -8.449E-01 
vh++:   5.108E+00  3.119E+00  2.362E+00  1.924E+00  1.851E+00  1.617E+00  1.744E+00  2.030E+00  2.512E+00 
 vhC++: 6.515E+00  7.528E+00  9.095E+00  1.162E+01  1.594E+01  1.190E+01  9.682E+00  8.766E+00  8.364E+00 
D:      2.499E+03 2.499E+03



