
--------------------------

Time     1  48  3.80 V-velocity violation at  118:   9  6 (  74.31 E    0.25 N) Layers 112 to 113. dt =  30.00    

Layers:       112        113 
v(m):   2.108E+00  2.101E+00 
v(3):   1.943E+00  1.939E+00 
CFL v:  5.060E-01  5.042E-01 
CFL0 v: 5.060E-01  5.042E-01 
CAv:    6.710E-01  6.522E-01 
PFv:   -4.436E-02 -4.439E-02 
diffv: -9.048E-03 -9.135E-03 
a:      3.660E-01  2.915E-01 
hvel:   3.154E+00  3.241E+00 
Stress:   0.000E+00
dvbt:   1.915E-02  1.915E-02 

h--:    5.574E+00  6.149E+00 
h0-:    3.118E-03  3.118E-03 
h+-:    7.791E+00  8.393E+00 
h-+:    3.028E-03  3.028E-03 
h0+:    6.305E+00  6.480E+00 
h++:    9.477E+00  8.292E+00 
e-:    -2.499E+03 -2.499E+03 -2.499E+03 
e+:    -2.462E+03 -2.468E+03 -2.475E+03 
T-:    -8.691E-01 -8.719E-01 
T+:    -8.707E-01 -8.732E-01 
S-:     3.491E+01  3.491E+01 
S+:     3.491E+01  3.491E+01 
uh--:  -7.093E-03 -8.621E-03 
 uhC--: -5.882E+00 -6.330E+00 
uh-+:   4.008E-04  3.330E-04 
 uhC-+:  1.739E-01  9.003E-02 
uh+-:   5.887E-03  4.358E-03 
 uhC+-:  6.847E+00  7.289E+00 
uh++:   3.456E+00  3.283E+00 
 uhC++:  3.526E+00  3.083E+00 
D:      2.499E+03 2.499E+03




--------------------------

Time     1  48  3.80 V-velocity violation at  118:   9  5 (  74.31 E    0.12 N) Layers 108 to 115. dt =  30.00    

Layers:       108        109        110        111        112        113        114        115 
v(m):  -2.088E+00 -2.183E+00 -2.244E+00 -2.278E+00 -2.289E+00 -2.281E+00 -2.251E+00 -2.192E+00 
v(3):  -1.941E+00 -2.030E+00 -2.089E+00 -2.122E+00 -2.132E+00 -2.123E+00 -2.091E+00 -2.022E+00 
CFL v:  5.012E-01  5.238E-01  5.385E-01  5.467E-01  5.493E-01  5.473E-01  5.403E-01  5.260E-01 
CFL0 v: 5.012E-01  5.238E-01  5.385E-01  5.467E-01  5.493E-01  5.473E-01  5.403E-01  5.260E-01 
CAv:   -6.138E-01 -6.637E-01 -6.930E-01 -6.883E-01 -6.429E-01 -6.133E-01 -5.926E-01 -5.258E-01 
PFv:   -1.594E+00 -1.594E+00 -1.594E+00 -1.593E+00 -1.593E+00 -1.593E+00 -1.593E+00 -1.593E+00 
diffv:  9.775E-03  1.026E-02  1.055E-02  1.086E-02  1.098E-02  8.668E-03  7.782E-03  7.815E-03 
a:      1.128E+00  1.154E+00  1.190E+00  1.206E+00  1.184E+00  1.110E+00  9.785E-01  7.906E-01 
hvel:   3.393E+00  2.910E+00  2.573E+00  2.370E+00  2.282E+00  2.317E+00  2.495E+00  2.903E+00 
Stress:   0.000E+00
dvbt:   1.501E+00  1.501E+00  1.501E+00  1.501E+00  1.501E+00  1.501E+00  1.501E+00  1.501E+00 

h--:    4.506E+02  9.419E+01  1.017E+02  1.215E+02  1.420E+02  1.068E+02  1.032E+02  8.367E+01 
h0-:    6.782E+00  5.816E+00  5.143E+00  4.737E+00  4.561E+00  4.631E+00  4.988E+00  5.803E+00 
h+-:    3.209E-03  3.209E-03  3.209E-03  3.209E-03  3.209E-03  3.209E-03  3.209E-03  3.209E-03 
h-+:    5.309E+00  4.930E+00  4.668E+00  4.854E+00  5.830E+00  8.921E-01  3.028E-03  3.028E-03 
h0+:    3.119E-03  3.119E-03  3.119E-03  3.119E-03  3.119E-03  3.119E-03  3.119E-03  3.119E-03 
h++:    7.856E+00  6.928E+00  6.330E+00  6.186E+00  6.246E+00  6.685E+00  7.894E+00  1.086E+01 
e-:    -2.428E+03 -2.435E+03 -2.441E+03 -2.446E+03 -2.451E+03 -2.456E+03 -2.460E+03 -2.465E+03 -2.471E+03 
e+:    -2.499E+03 -2.499E+03 -2.499E+03 -2.499E+03 -2.499E+03 -2.499E+03 -2.499E+03 -2.499E+03 -2.499E+03 
T-:    -8.634E-01 -8.658E-01 -8.682E-01 -8.706E-01 -8.729E-01 -8.751E-01 -8.773E-01 -8.794E-01 
T+:    -8.577E-01 -8.602E-01 -8.635E-01 -8.662E-01 -8.691E-01 -8.719E-01 -8.749E-01 -8.780E-01 
S-:     3.491E+01  3.491E+01  3.491E+01  3.491E+01  3.491E+01  3.491E+01  3.491E+01  3.491E+01 
S+:     3.491E+01  3.491E+01  3.491E+01  3.491E+01  3.491E+01  3.491E+01  3.491E+01  3.491E+01 
uh--:  -8.856E+00 -1.052E+01 -1.069E+01 -1.064E+01 -1.057E+01 -1.063E+01 -1.085E+01 -1.077E+01 
 uhC--: -8.556E+01 -2.770E+01 -3.537E+01 -4.644E+01 -5.636E+01 -4.219E+01 -3.809E+01 -2.565E+01 
uh-+:  -5.912E-03 -6.333E-03 -7.081E-03 -7.497E-03 -8.537E-03 -3.843E-03 -1.446E-03 -1.446E-03 
 uhC-+: -5.294E+00 -5.103E+00 -4.853E+00 -4.798E+00 -5.014E+00 -6.988E-01 -4.792E-03 -4.772E-03 
uh+-:  -1.460E-03 -1.462E-03 -1.520E-03 -1.451E-03 -1.199E-03 -5.868E-04 -7.398E-04 -1.561E-03 
 uhC+-: -4.398E-01 -3.944E-01 -3.721E-01 -3.729E-01 -3.979E-01 -4.553E-01 -5.627E-01 -7.676E-01 
uh++:   7.059E-03  6.657E-03  5.913E-03  5.490E-03  4.307E-03  9.107E-03  1.124E-02  1.106E-02 
 uhC++:  7.191E+00  6.648E+00  6.265E+00  6.228E+00  6.313E+00  6.693E+00  7.684E+00  9.828E+00 
D:      2.499E+03 2.499E+03




--------------------------

Time     1  48  3.80 V-velocity violation at  118:   9  6 (  74.31 E    0.25 N) Layers 109 to 114. dt =  30.00    

Layers:       109        110        111        112        113        114 
v(m):   2.145E+00  2.240E+00  2.304E+00  2.333E+00  2.328E+00  2.274E+00 
v(3):   1.981E+00  2.075E+00  2.142E+00  2.178E+00  2.178E+00  2.125E+00 
CFL v:  5.149E-01  5.375E-01  5.529E-01  5.600E-01  5.588E-01  5.457E-01 
CFL0 v: 5.149E-01  5.375E-01  5.529E-01  5.600E-01  5.588E-01  5.457E-01 
CAv:    7.064E-01  7.365E-01  7.321E-01  6.842E-01  6.569E-01  6.416E-01 
PFv:    6.957E-01  6.957E-01  6.957E-01  6.957E-01  6.956E-01  6.956E-01 
diffv: -1.037E-02 -1.113E-02 -1.052E-02 -1.040E-02 -8.372E-03 -7.434E-03 
a:      6.393E-01  5.843E-01  5.236E-01  4.288E-01  3.438E-01  2.421E-01 
hvel:   2.324E+00  2.249E+00  2.336E+00  2.380E+00  2.374E+00  2.853E+00 
Stress:   0.000E+00
dvbt:  -7.186E-01 -7.186E-01 -7.186E-01 -7.186E-01 -7.186E-01 -7.186E-01 

h--:    4.930E+00  4.668E+00  4.854E+00  5.830E+00  8.921E-01  3.028E-03 
h0-:    3.119E-03  3.119E-03  3.119E-03  3.119E-03  3.119E-03  3.119E-03 
h+-:    6.928E+00  6.330E+00  6.186E+00  6.246E+00  6.685E+00  7.894E+00 
h-+:    3.028E-03  3.028E-03  3.028E-03  3.028E-03  3.028E-03  3.028E-03 
h0+:    4.644E+00  4.495E+00  4.670E+00  4.758E+00  4.749E+00  5.719E+00 
h++:    2.236E+01  4.113E+01  1.713E+01  1.255E+01  1.109E+01  1.093E+01 
e-:    -2.499E+03 -2.499E+03 -2.499E+03 -2.499E+03 -2.499E+03 -2.499E+03 -2.499E+03 
e+:    -2.456E+03 -2.461E+03 -2.465E+03 -2.470E+03 -2.475E+03 -2.480E+03 -2.485E+03 
T-:    -8.602E-01 -8.635E-01 -8.662E-01 -8.691E-01 -8.719E-01 -8.749E-01 
T+:    -8.641E-01 -8.664E-01 -8.687E-01 -8.711E-01 -8.735E-01 -8.759E-01 
S-:     3.491E+01  3.491E+01  3.491E+01  3.491E+01  3.491E+01  3.491E+01 
S+:     3.491E+01  3.491E+01  3.491E+01  3.491E+01  3.491E+01  3.491E+01 
uh--:  -6.333E-03 -7.081E-03 -7.497E-03 -8.537E-03 -3.843E-03 -1.446E-03 
 uhC--: -5.103E+00 -4.853E+00 -4.798E+00 -5.014E+00 -6.988E-01 -4.792E-03 
uh-+:  -2.590E-02 -1.173E-01 -8.026E-02 -1.476E-01 -1.871E-01 -2.865E-01 
 uhC-+: -7.507E-02 -1.360E-01 -2.004E-01 -2.472E-01 -2.912E-01 -3.936E-01 
uh+-:   6.657E-03  5.913E-03  5.490E-03  4.307E-03  9.107E-03  1.124E-02 
 uhC+-:  6.648E+00  6.265E+00  6.228E+00  6.313E+00  6.693E+00  7.684E+00 
uh++:   4.776E+00  8.926E+00  6.196E+00  4.713E+00  4.768E+00  4.722E+00 
 uhC++:  7.623E+00  1.444E+01  7.002E+00  5.340E+00  4.620E+00  4.461E+00 
D:      2.499E+03 2.499E+03




--------------------------

Time     1  48  3.81 V-velocity violation at  118:   9  5 (  74.31 E    0.12 N) Layers 107 to 116. dt =  30.00    

Layers:       107        108        109        110        111        112        113        114        115        116 
v(m):  -2.099E+00 -2.172E+00 -2.224E+00 -2.259E+00 -2.281E+00 -2.293E+00 -2.294E+00 -2.281E+00 -2.251E+00 -2.189E+00 
v(3):  -1.974E+00 -2.046E+00 -2.094E+00 -2.127E+00 -2.148E+00 -2.160E+00 -2.163E+00 -2.159E+00 -2.143E+00 -2.086E+00 
CFL v:  5.037E-01  5.214E-01  5.337E-01  5.421E-01  5.475E-01  5.503E-01  5.504E-01  5.474E-01  5.401E-01  5.253E-01 
CFL0 v: 5.037E-01  5.214E-01  5.337E-01  5.421E-01  5.475E-01  5.503E-01  5.504E-01  5.474E-01  5.401E-01  5.253E-01 
CAv:   -6.630E-01 -6.624E-01 -6.268E-01 -6.145E-01 -6.161E-01 -6.127E-01 -6.014E-01 -5.525E-01 -4.564E-01 -4.908E-01 
PFv:   -9.833E-01 -9.832E-01 -9.832E-01 -9.832E-01 -9.832E-01 -9.831E-01 -9.831E-01 -9.831E-01 -9.831E-01 -9.831E-01 
diffv:  1.090E-02  1.103E-02  1.087E-02  7.958E-03  7.484E-03  7.581E-03  7.666E-03  7.819E-03  8.305E-03  8.740E-03 
a:      1.219E+00  1.147E+00  1.157E+00  1.164E+00  1.150E+00  1.106E+00  1.025E+00  9.026E-01  7.432E-01  4.904E-01 
hvel:   2.335E+00  2.022E+00  1.796E+00  1.642E+00  1.551E+00  1.515E+00  1.541E+00  1.637E+00  1.834E+00  2.693E+00 
Stress:   0.000E+00
dvbt:   8.951E-01  8.951E-01  8.951E-01  8.951E-01  8.951E-01  8.951E-01  8.951E-01  8.951E-01  8.951E-01  8.951E-01 

h--:    1.279E+02  4.378E+02  9.916E+01  1.042E+02  1.222E+02  1.417E+02  1.075E+02  1.054E+02  8.768E+01  3.771E+01 
h0-:    4.668E+00  4.042E+00  3.589E+00  3.282E+00  3.099E+00  3.027E+00  3.079E+00  3.274E+00  3.669E+00  5.405E+00 
h+-:    1.076E+00  9.549E-01  8.130E-01  3.209E-03  3.209E-03  3.209E-03  3.209E-03  3.209E-03  3.209E-03  3.209E-03 
h-+:    4.857E+00  4.739E+00  5.345E+00  4.747E-01  3.024E-03  3.024E-03  3.024E-03  3.024E-03  3.024E-03  3.024E-03 
h0+:    3.118E-03  3.118E-03  3.118E-03  3.118E-03  3.118E-03  3.118E-03  3.118E-03  3.118E-03  3.118E-03  3.118E-03 
h++:    6.403E+00  5.383E+00  4.641E+00  4.191E+00  4.030E+00  4.046E+00  4.330E+00  5.166E+00  7.281E+00  1.227E+01 
e-:    -2.449E+03 -2.454E+03 -2.458E+03 -2.461E+03 -2.465E+03 -2.468E+03 -2.471E+03 -2.474E+03 -2.477E+03 -2.481E+03 -2.486E+03 
e+:    -2.499E+03 -2.499E+03 -2.499E+03 -2.499E+03 -2.499E+03 -2.499E+03 -2.499E+03 -2.499E+03 -2.499E+03 -2.499E+03 -2.499E+03 
T-:    -8.624E-01 -8.646E-01 -8.669E-01 -8.691E-01 -8.714E-01 -8.736E-01 -8.757E-01 -8.778E-01 -8.798E-01 -8.818E-01 
T+:    -8.554E-01 -8.577E-01 -8.602E-01 -8.635E-01 -8.662E-01 -8.691E-01 -8.719E-01 -8.749E-01 -8.780E-01 -8.804E-01 
S-:     3.491E+01  3.491E+01  3.491E+01  3.491E+01  3.491E+01  3.491E+01  3.491E+01  3.491E+01  3.491E+01  3.491E+01 
S+:     3.491E+01  3.491E+01  3.491E+01  3.491E+01  3.491E+01  3.491E+01  3.491E+01  3.491E+01  3.491E+01  3.491E+01 
uh--:  -3.480E+00 -6.675E+00 -7.444E+00 -7.542E+00 -7.550E+00 -7.491E+00 -7.530E+00 -7.738E+00 -8.003E+00 -9.692E+00 
 uhC--: -1.329E+01 -1.095E+02 -3.396E+01 -4.084E+01 -5.187E+01 -6.137E+01 -4.598E+01 -4.300E+01 -3.227E+01 -1.229E+01 
uh-+:  -7.015E-03 -7.579E-03 -8.436E-03 -3.181E-03 -1.444E-03 -1.444E-03 -1.444E-03 -1.444E-03 -1.444E-03 -1.444E-03 
 uhC-+: -4.773E+00 -4.435E+00 -4.314E+00 -3.636E-01 -4.666E-03 -4.658E-03 -4.637E-03 -4.608E-03 -4.580E-03 -4.551E-03 
uh+-:  -5.513E-02 -5.664E-02 -6.031E-02 -5.693E-04 -5.786E-04 -5.011E-04 -3.115E-04 -3.907E-04 -7.170E-04 -1.184E-03 
 uhC+-: -9.519E-02 -9.711E-02 -1.053E-01 -9.698E-02 -1.097E-01 -1.275E-01 -1.535E-01 -1.924E-01 -2.539E-01 -4.508E-01 
uh++:   5.971E-03  5.384E-03  4.314E-03  9.774E-03  1.139E-02  1.139E-02  1.139E-02  1.138E-02  1.136E-02  1.124E-02 
 uhC++:  6.322E+00  5.499E+00  4.836E+00  4.418E+00  4.273E+00  4.294E+00  4.584E+00  5.436E+00  7.553E+00  1.198E+01 
D:      2.499E+03 2.499E+03




--------------------------

Time     1  48  3.81 V-velocity violation at  118:   9  6 (  74.31 E    0.25 N) Layers 108 to 113. dt =  30.00    

Layers:       108        109        110        111        112        113 
v(m):   2.154E+00  2.217E+00  2.267E+00  2.297E+00  2.300E+00  2.241E+00 
v(3):   2.019E+00  2.079E+00  2.122E+00  2.149E+00  2.146E+00  2.094E+00 
CFL v:  5.169E-01  5.321E-01  5.442E-01  5.514E-01  5.520E-01  5.379E-01 
CFL0 v: 5.169E-01  5.321E-01  5.442E-01  5.514E-01  5.520E-01  5.379E-01 
CAv:    6.745E-01  6.385E-01  6.550E-01  6.501E-01  6.591E-01  6.639E-01 
PFv:   -1.227E+01 -1.227E+01 -1.227E+01 -1.227E+01 -1.227E+01 -1.227E+01 
diffv: -1.108E-02 -1.053E-02 -8.386E-03 -7.425E-03 -6.976E-03 -6.656E-03 
a:      6.384E-01  5.463E-01  4.514E-01  3.856E-01  2.974E-01  2.101E-01 
hvel:   1.636E+00  1.705E+00  1.739E+00  1.868E+00  2.068E+00  2.408E+00 
Stress:   0.000E+00
dvbt:   1.224E+01  1.224E+01  1.224E+01  1.224E+01  1.224E+01  1.224E+01 

h--:    4.739E+00  5.345E+00  4.747E-01  3.024E-03  3.024E-03  3.024E-03 
h0-:    3.118E-03  3.118E-03  3.118E-03  3.118E-03  3.118E-03  3.118E-03 
h+-:    5.383E+00  4.641E+00  4.191E+00  4.030E+00  4.046E+00  4.330E+00 
h-+:    3.028E-03  3.028E-03  3.028E-03  3.028E-03  3.028E-03  3.028E-03 
h0+:    3.269E+00  3.407E+00  3.477E+00  3.738E+00  4.148E+00  4.884E+00 
h++:    1.715E+01  2.378E+01  3.741E+01  2.113E+01  1.614E+01  1.449E+01 
e-:    -2.499E+03 -2.499E+03 -2.499E+03 -2.499E+03 -2.499E+03 -2.499E+03 -2.499E+03 
e+:    -2.466E+03 -2.470E+03 -2.473E+03 -2.476E+03 -2.480E+03 -2.484E+03 -2.489E+03 
T-:    -8.577E-01 -8.602E-01 -8.635E-01 -8.662E-01 -8.691E-01 -8.719E-01 
T+:    -8.624E-01 -8.648E-01 -8.671E-01 -8.694E-01 -8.717E-01 -8.740E-01 
S-:     3.491E+01  3.491E+01  3.491E+01  3.491E+01  3.491E+01  3.491E+01 
S+:     3.491E+01  3.491E+01  3.491E+01  3.491E+01  3.491E+01  3.491E+01 
uh--:  -7.579E-03 -8.436E-03 -3.181E-03 -1.444E-03 -1.444E-03 -1.444E-03 
 uhC--: -4.435E+00 -4.314E+00 -3.636E-01 -4.666E-03 -4.658E-03 -4.637E-03 
uh-+:  -7.463E-02 -1.143E-01 -3.127E-01 -1.017E-01 -1.869E-01 -3.140E-01 
 uhC-+: -2.692E-01 -3.123E-01 -3.521E-01 -4.114E-01 -4.833E-01 -5.824E-01 
uh+-:   5.384E-03  4.314E-03  9.774E-03  1.139E-02  1.139E-02  1.139E-02 
 uhC+-:  5.499E+00  4.836E+00  4.418E+00  4.273E+00  4.294E+00  4.584E+00 
uh++:   6.425E+00  5.180E+00  8.287E+00  8.475E+00  6.620E+00  7.109E+00 
 uhC++:  7.118E+00  1.026E+01  1.641E+01  1.003E+01  7.993E+00  7.279E+00 
D:      2.499E+03 2.499E+03




--------------------------

Time     1  48  3.82 V-velocity violation at  118:   9  5 (  74.31 E    0.12 N) Layers 107 to 112. dt =  30.00    

Layers:       107        108        109        110        111        112 
v(m):  -2.108E+00 -2.130E+00 -2.137E+00 -2.132E+00 -2.117E+00 -2.088E+00 
v(3):  -2.041E+00 -2.065E+00 -2.075E+00 -2.075E+00 -2.068E+00 -2.050E+00 
CFL v:  5.060E-01  5.113E-01  5.130E-01  5.118E-01  5.080E-01  5.011E-01 
CFL0 v: 5.060E-01  5.113E-01  5.130E-01  5.118E-01  5.080E-01  5.011E-01 
CAv:   -6.082E-01 -5.933E-01 -5.782E-01 -5.457E-01 -4.957E-01 -4.524E-01 
PFv:    1.872E+01  1.872E+01  1.872E+01  1.872E+01  1.872E+01  1.872E+01 
diffv:  8.406E-03  6.832E-03  7.019E-03  7.149E-03  7.325E-03  7.114E-03 
a:      9.864E-01  9.887E-01  1.017E+00  1.025E+00  9.771E-01  8.554E-01 
hvel:   1.361E+00  1.169E+00  1.038E+00  9.595E-01  9.718E-01  1.068E+00 
Stress:   0.000E+00
dvbt:  -1.880E+01 -1.880E+01 -1.880E+01 -1.880E+01 -1.880E+01 -1.880E+01 

h--:    7.639E+01  4.179E+02  1.020E+02  1.015E+02  1.168E+02  1.346E+02 
h0-:    2.720E+00  2.336E+00  2.075E+00  1.918E+00  1.945E+00  2.142E+00 
h+-:    9.400E-01  8.767E-01  6.771E-01  5.974E-01  7.195E-01  3.417E-01 
h-+:    1.183E+00  3.028E-03  3.028E-03  3.028E-03  3.028E-03  3.028E-03 
h0+:    3.108E-03  3.108E-03  3.108E-03  3.108E-03  3.108E-03  3.108E-03 
h++:    3.117E+00  2.517E+00  2.151E+00  1.939E+00  2.010E+00  2.246E+00 
e-:    -2.470E+03 -2.472E+03 -2.475E+03 -2.477E+03 -2.479E+03 -2.481E+03 -2.483E+03 
e+:    -2.499E+03 -2.499E+03 -2.499E+03 -2.499E+03 -2.499E+03 -2.499E+03 -2.499E+03 
T-:    -8.635E-01 -8.657E-01 -8.679E-01 -8.701E-01 -8.723E-01 -8.744E-01 
T+:    -8.554E-01 -8.577E-01 -8.602E-01 -8.635E-01 -8.662E-01 -8.691E-01 
S-:     3.491E+01  3.491E+01  3.491E+01  3.491E+01  3.491E+01  3.491E+01 
S+:     3.491E+01  3.491E+01  3.491E+01  3.491E+01  3.491E+01  3.491E+01 
uh--:  -3.402E+00 -4.660E+00 -4.790E+00 -4.751E+00 -5.024E+00 -5.645E+00 
 uhC--: -1.408E+01 -1.326E+02 -3.996E+01 -4.404E+01 -5.398E+01 -6.406E+01 
uh-+:  -4.497E-03 -1.439E-03 -1.439E-03 -1.439E-03 -1.438E-03 -1.438E-03 
 uhC-+: -8.952E-01 -4.624E-03 -4.615E-03 -4.572E-03 -4.517E-03 -4.462E-03 
uh+-:   1.437E-01  1.364E-01  1.115E-01  9.915E-02  9.515E-02  9.381E-02 
 uhC+-:  1.151E-01  9.987E-02  8.313E-02  7.263E-02  7.160E-02  6.046E-02 
uh++:   8.414E-03  1.134E-02  1.135E-02  1.135E-02  1.135E-02  1.135E-02 
 uhC++:  3.249E+00  2.643E+00  2.266E+00  2.047E+00  2.121E+00  2.369E+00 
D:      2.499E+03 2.499E+03




--------------------------

Time     1  48  3.82 V-velocity violation at  118:   9  6 (  74.31 E    0.25 N) Layers 108 to 108. dt =  30.00    

Layers:       108 
v(m):   2.084E+00 
v(3):   2.017E+00 
CFL v:  5.002E-01 
CFL0 v: 5.002E-01 
CAv:    6.039E-01 
PFv:   -2.655E+01 
diffv: -6.570E-03 
a:      3.532E-01 
hvel:   1.383E+00 
Stress:   0.000E+00
dvbt:   2.652E+01 

h--:    3.028E-03 
h0-:    3.108E-03 
h+-:    2.517E+00 
h-+:    3.028E-03 
h0+:    2.782E+00 
h++:    1.973E+01 
e-:    -2.499E+03 -2.499E+03 
e+:    -2.482E+03 -2.485E+03 
T-:    -8.577E-01 
T+:    -8.632E-01 
S-:     3.491E+01 
S+:     3.491E+01 
uh--:  -1.439E-03 
 uhC--: -4.624E-03 
uh-+:  -1.866E-01 
 uhC-+: -4.121E-01 
uh+-:   1.134E-02 
 uhC+-:  2.643E+00 
uh++:   6.951E+00 
 uhC++:  9.894E+00 
D:      2.499E+03 2.499E+03



