Startup CPU time:      200.068 sec summed across  128 PEs.
         Day, Step number,     CPU time, CPU time change
       0.000,           0,      200.068,      200.068
       0.231,        1000,     5091.270,     4891.202
       0.463,        2000,    10566.579,     5475.309
       0.694,        3000,    16036.655,     5470.077
       0.926,        4000,    21740.479,     5703.824
       1.157,        5000,    27687.375,     5946.896
       1.389,        6000,    33850.972,     6163.597
       1.620,        7000,    40704.226,     6853.254
       1.852,        8000,    48120.444,     7416.218
       2.083,        9000,    56242.208,     8121.764
       2.315,       10000,    65148.383,     8906.176
       2.546,       11000,    73960.179,     8811.795
       2.778,       12000,    82884.921,     8924.742
       3.009,       13000,    91870.620,     8985.699
       3.241,       14000,   100768.569,     8897.949
       3.472,       15000,   109724.860,     8956.291
       3.704,       16000,   118853.865,     9129.005
       3.935,       17000,   127691.347,     8837.482
       4.167,       18000,   136936.083,     9244.736
       4.398,       19000,   145760.303,     8824.220
       4.630,       20000,   154988.761,     9228.458
       4.861,       21000,   164014.313,     9025.552
       5.093,       22000,   173019.507,     9005.194
       5.324,       23000,   182493.161,     9473.654
       5.556,       24000,   191393.737,     8900.576
       5.787,       25000,   200410.252,     9016.515
       6.019,       26000,   209591.990,     9181.738
       6.250,       27000,   218289.138,     8697.149
       6.481,       28000,   227039.987,     8750.848
       6.713,       29000,   236347.884,     9307.898
       6.944,       30000,   245320.792,     8972.908
       7.176,       31000,   253978.815,     8658.023
       7.407,       32000,   262880.831,     8902.016
       7.639,       33000,   272076.940,     9196.109
       7.870,       34000,   281185.577,     9108.637
       8.102,       35000,   290181.622,     8996.045
       8.333,       36000,   298787.254,     8605.632
       8.565,       37000,   307746.047,     8958.793
       8.796,       38000,   317254.681,     9508.634
       9.028,       39000,   326461.020,     9206.339
       9.259,       40000,   335456.001,     8994.981
       9.491,       41000,   344307.814,     8851.813
       9.722,       42000,   353078.294,     8770.480
       9.954,       43000,   362225.350,     9147.056
      10.185,       44000,   371796.220,     9570.870
      10.417,       45000,   381120.285,     9324.064
      10.648,       46000,   390193.350,     9073.065
      10.880,       47000,   399183.881,     8990.531
      11.111,       48000,   407989.699,     8805.818
      11.343,       49000,   416948.031,     8958.333
      11.574,       50000,   426323.161,     9375.130
      11.806,       51000,   435965.948,     9642.787
      12.037,       52000,   445270.403,     9304.454
      12.269,       53000,   454522.367,     9251.965
      12.500,       54000,   463745.213,     9222.845
      12.731,       55000,   472586.249,     8841.037
      12.963,       56000,   481487.071,     8900.822
      13.194,       57000,   490716.883,     9229.811
      13.426,       58000,   500079.254,     9362.371
      13.657,       59000,   509810.146,     9730.892
      13.889,       60000,   519259.715,     9449.569
      14.120,       61000,   528823.151,     9563.437
      14.352,       62000,   538188.121,     9364.970
      14.583,       63000,   547690.726,     9502.605
      14.815,       64000,   556964.028,     9273.302
      15.046,       65000,   565987.199,     9023.171
      15.278,       66000,   575169.017,     9181.818
      15.509,       67000,   584634.860,     9465.843
      15.741,       68000,   594235.455,     9600.595
      15.972,       69000,   604028.390,     9792.934
      16.204,       70000,   613819.609,     9791.219
      16.435,       71000,   623570.467,     9750.858
      16.667,       72000,   633294.192,     9723.725
      16.898,       73000,   642473.446,     9179.254
      17.130,       74000,   651795.295,     9321.850
      17.361,       75000,   661241.734,     9446.438
      17.593,       76000,   670405.651,     9163.917
      17.824,       77000,   679723.599,     9317.949
      18.056,       78000,   689019.238,     9295.638
      18.287,       79000,   698323.539,     9304.301
      18.519,       80000,   707631.955,     9308.416
      18.750,       81000,   717134.410,     9502.455
      18.981,       82000,   726926.985,     9792.575
      19.213,       83000,   736721.295,     9794.310
      19.444,       84000,   746118.828,     9397.533
      19.676,       85000,   755773.455,     9654.627
      19.907,       86000,   765464.828,     9691.373
      20.139,       87000,   775235.225,     9770.397
      20.370,       88000,   784731.279,     9496.054
      20.602,       89000,   794849.964,    10118.685
      20.833,       90000,   804831.273,     9981.309
      21.065,       91000,   814220.486,     9389.212
      21.296,       92000,   824133.699,     9913.213
      21.528,       93000,   834453.673,    10319.974
      21.759,       94000,   844338.998,     9885.325
      21.991,       95000,   853970.791,     9631.793
      22.222,       96000,   863753.241,     9782.451
      22.454,       97000,   873432.867,     9679.626
      22.685,       98000,   883173.235,     9740.368
      22.917,       99000,   893094.701,     9921.466
      23.148,      100000,   902686.316,     9591.616
      23.380,      101000,   912191.836,     9505.520
      23.611,      102000,   921829.311,     9637.475
      23.843,      103000,   931593.878,     9764.566
      24.074,      104000,   941598.444,    10004.566
      24.306,      105000,   951861.251,    10262.806
      24.537,      106000,   961781.894,     9920.643
      24.769,      107000,   971559.369,     9777.475
      25.000,      108000,   981495.868,     9936.499
      25.231,      109000,   990564.831,     9068.963
      25.463,      110000,  1000086.255,     9521.424
      25.694,      111000,  1010208.294,    10122.038
      25.926,      112000,  1020198.121,     9989.827
      26.157,      113000,  1029958.623,     9760.502
      26.389,      114000,  1040121.756,    10163.133
      26.620,      115000,  1050209.916,    10088.160
      26.852,      116000,  1060481.459,    10271.542
      27.083,      117000,  1071413.937,    10932.478
      27.315,      118000,  1081224.969,     9811.032
      27.546,      119000,  1091279.731,    10054.762
      27.778,      120000,  1101084.249,     9804.518
      28.009,      121000,  1111007.702,     9923.453
      28.241,      122000,  1120964.019,     9956.317
      28.472,      123000,  1131080.998,    10116.979
      28.704,      124000,  1140677.580,     9596.582
      28.935,      125000,  1150940.147,    10262.566
      29.167,      126000,  1161044.032,    10103.885
      29.398,      127000,  1171069.897,    10025.865
      29.630,      128000,  1180941.235,     9871.338
      29.861,      129000,  1190899.823,     9958.589
      30.093,      130000,  1200911.881,    10012.058
      30.324,      131000,  1210906.492,     9994.611
      30.556,      132000,  1221044.057,    10137.565
      30.787,      133000,  1230938.339,     9894.282
      31.019,      134000,  1240569.257,     9630.918
      31.250,      135000,  1250435.766,     9866.509
      31.481,      136000,  1260328.998,     9893.232
      31.713,      137000,  1270424.489,    10095.491
      31.944,      138000,  1280248.076,     9823.587
      32.176,      139000,  1289985.775,     9737.699
      32.407,      140000,  1299977.705,     9991.930
      32.639,      141000,  1309796.278,     9818.573
      32.870,      142000,  1319857.225,    10060.947
      33.102,      143000,  1329654.575,     9797.350
      33.333,      144000,  1340013.891,    10359.316
      33.565,      145000,  1350361.766,    10347.875
      33.796,      146000,  1360415.519,    10053.754
      34.028,      147000,  1370976.761,    10561.242
      34.259,      148000,  1381078.188,    10101.427
      34.491,      149000,  1391611.599,    10533.411
      34.722,      150000,  1402444.931,    10833.331
      34.954,      151000,  1413036.499,    10591.568
      35.185,      152000,  1423445.206,    10408.707
      35.417,      153000,  1434050.416,    10605.210
      35.648,      154000,  1444931.721,    10881.305
      35.880,      155000,  1455764.918,    10833.197
      36.111,      156000,  1466515.507,    10750.589
      36.343,      157000,  1476987.206,    10471.699
      36.574,      158000,  1487093.276,    10106.070
      36.806,      159000,  1497180.009,    10086.733
      37.037,      160000,  1507165.395,     9985.386
      37.269,      161000,  1517233.459,    10068.064
      37.500,      162000,  1527166.448,     9932.989
      37.731,      163000,  1537470.678,    10304.230
      37.963,      164000,  1547863.193,    10392.515
      38.194,      165000,  1558719.609,    10856.416
      38.426,      166000,  1569356.217,    10636.608
      38.657,      167000,  1579964.793,    10608.576
      38.889,      168000,  1590441.942,    10477.149
      39.120,      169000,  1601275.135,    10833.194
      39.352,      170000,  1612016.473,    10741.338
      39.583,      171000,  1622635.437,    10618.964
      39.815,      172000,  1633483.142,    10847.705
      40.046,      173000,  1644186.038,    10702.896
      40.278,      174000,  1655386.281,    11200.243
      40.509,      175000,  1665970.678,    10584.397
      40.741,      176000,  1676907.932,    10937.254
      40.972,      177000,  1687576.713,    10668.781
      41.204,      178000,  1697871.763,    10295.050
      41.435,      179000,  1707881.823,    10010.061
      41.667,      180000,  1717916.281,    10034.458
      41.898,      181000,  1728536.195,    10619.913
      42.130,      182000,  1738937.721,    10401.526
      42.361,      183000,  1749650.310,    10712.589
      42.593,      184000,  1760302.899,    10652.589
      42.824,      185000,  1770924.287,    10621.389
      43.056,      186000,  1781820.601,    10896.314
      43.287,      187000,  1792403.846,    10583.245
      43.519,      188000,  1803215.996,    10812.150
      43.750,      189000,  1813907.532,    10691.536
      43.981,      190000,  1824159.100,    10251.568
      44.213,      191000,  1834254.905,    10095.805
      44.444,      192000,  1844729.398,    10474.493
      44.676,      193000,  1855056.911,    10327.514
      44.907,      194000,  1865663.478,    10606.566
      45.139,      195000,  1876100.911,    10437.434
      45.370,      196000,  1886743.459,    10642.547
      45.602,      197000,  1897916.377,    11172.918
      45.833,      198000,  1908986.400,    11070.023
      46.065,      199000,  1919066.739,    10080.339
      46.296,      200000,  1930382.275,    11315.536
      46.528,      201000,  1941410.646,    11028.371
      46.759,      202000,  1952204.995,    10794.349
      46.991,      203000,  1962753.859,    10548.864
      47.222,      204000,  1973342.835,    10588.976
      47.454,      205000,  1983955.812,    10612.977
      47.685,      206000,  1994567.667,    10611.855
      47.917,      207000,  2005567.571,    10999.904
      48.148,      208000,  2016128.275,    10560.704
      48.380,      209000,  2026960.502,    10832.227
      48.611,      210000,  2037948.006,    10987.504
      48.843,      211000,  2048443.039,    10495.034
      49.074,      212000,  2059217.740,    10774.701
      49.306,      213000,  2069825.577,    10607.837
      49.537,      214000,  2080479.638,    10654.061
      49.769,      215000,  2091570.038,    11090.400
      50.000,      216000,  2102285.734,    10715.696
      50.231,      217000,  2113066.278,    10780.544
      50.463,      218000,  2123895.638,    10829.360
      50.694,      219000,  2135092.710,    11197.072
      50.926,      220000,  2145731.078,    10638.368
      51.157,      221000,  2156719.033,    10987.955
      51.389,      222000,  2167798.486,    11079.453
      51.620,      223000,  2178860.988,    11062.502
      51.852,      224000,  2189868.118,    11007.130
      52.083,      225000,  2200988.259,    11120.141
      52.315,      226000,  2211565.395,    10577.136
      52.546,      227000,  2222434.057,    10868.662
      52.778,      228000,  2233684.380,    11250.323
      53.009,      229000,  2244836.982,    11152.602
      53.241,      230000,  2255724.547,    10887.565
      53.472,      231000,  2266859.430,    11134.883
      53.704,      232000,  2278012.383,    11152.954
      53.935,      233000,  2288846.777,    10834.394
      54.167,      234000,  2299648.182,    10801.405
      54.398,      235000,  2310259.001,    10610.819
      54.630,      236000,  2320992.345,    10733.344
      54.861,      237000,  2331805.935,    10813.590
      55.093,      238000,  2342420.601,    10614.666
      55.324,      239000,  2353280.166,    10859.565
      55.556,      240000,  2364234.953,    10954.787
      55.787,      241000,  2375251.967,    11017.014
      56.019,      242000,  2386183.091,    10931.123
      56.250,      243000,  2397268.150,    11085.059
      56.481,      244000,  2408390.659,    11122.508
      56.713,      245000,  2419355.263,    10964.605
      56.944,      246000,  2429871.660,    10516.397
      57.176,      247000,  2440397.279,    10525.619
      57.407,      248000,  2450892.922,    10495.643
      57.639,      249000,  2461488.771,    10595.848
      57.870,      250000,  2472229.673,    10740.902
      58.102,      251000,  2483141.164,    10911.491
      58.333,      252000,  2494033.785,    10892.621
      58.565,      253000,  2505268.233,    11234.448
      58.796,      254000,  2516249.129,    10980.896
      59.028,      255000,  2527135.011,    10885.882
      59.259,      256000,  2538192.111,    11057.101
      59.491,      257000,  2549389.884,    11197.773
      59.722,      258000,  2560055.923,    10666.038
      59.954,      259000,  2570771.865,    10715.942
