Startup CPU time:    51426.539 sec summed across 2560 PEs.
         Day, Step number,     CPU time, CPU time change
       0.000,           0,    51426.539,    51426.539
       0.347,        1000,   447747.468,   396320.929
       0.694,        2000,   816320.175,   368572.707
       1.042,        3000,  1196045.807,   379725.632
       1.389,        4000,  1546993.366,   350947.558
       1.736,        5000,  1892483.436,   345490.070
       2.083,        6000,  2259190.736,   366707.300
       2.431,        7000,  2595847.308,   336656.572
       2.778,        8000,  2976816.996,   380969.688
       3.125,        9000,  3313693.450,   336876.454
       3.472,       10000,  3653150.796,   339457.346
       3.819,       11000,  4026664.197,   373513.401
       4.167,       12000,  4395370.606,   368706.409
       4.514,       13000,  4775148.018,   379777.412
       4.861,       14000,  5133751.705,   358603.687
       5.208,       15000,  5498314.011,   364562.305
       5.556,       16000,  5911295.817,   412981.806
       5.903,       17000,  6302109.727,   390813.910
       6.250,       18000,  6693359.204,   391249.477
       6.597,       19000,  7097199.606,   403840.401
       6.944,       20000,  7497307.958,   400108.353
       7.292,       21000,  7911992.030,   414684.071
       7.639,       22000,  8295667.324,   383675.294
       7.986,       23000,  8662061.641,   366394.317
       8.333,       24000,  9076603.013,   414541.372
       8.681,       25000,  9440158.792,   363555.779
       9.028,       26000,  9834933.681,   394774.889
       9.375,       27000, 10201511.233,   366577.552
       9.722,       28000, 10599819.391,   398308.158
      10.069,       29000, 10996310.895,   396491.504
      10.417,       30000, 11355620.489,   359309.594
      10.764,       31000, 11738262.962,   382642.473
      11.111,       32000, 12123102.415,   384839.453
      11.458,       33000, 12492723.318,   369620.903
      11.806,       34000, 12894153.033,   401429.715
      12.153,       35000, 13264728.139,   370575.107
      12.500,       36000, 13665174.448,   400446.309
      12.847,       37000, 14058305.145,   393130.697
      13.194,       38000, 14440093.071,   381787.926
      13.542,       39000, 14852243.552,   412150.480
      13.889,       40000, 15249914.412,   397670.861
      14.236,       41000, 15624902.233,   374987.820
      14.583,       42000, 16028072.002,   403169.769
      14.931,       43000, 16406902.578,   378830.576
      15.278,       44000, 16827610.920,   420708.342
      15.625,       45000, 17202679.238,   375068.318
      15.972,       46000, 17581807.116,   379127.878
      16.319,       47000, 17998258.007,   416450.891
      16.667,       48000, 18400578.307,   402320.300
      17.014,       49000, 18796356.534,   395778.226
      17.361,       50000, 19155906.086,   359549.552
      17.708,       51000, 19520459.548,   364553.463
      18.056,       52000, 19928611.332,   408151.784
      18.403,       53000, 20306204.754,   377593.422
      18.750,       54000, 20678928.009,   372723.256
      19.097,       55000, 21094651.795,   415723.786
      19.444,       56000, 21492348.088,   397696.293
      19.792,       57000, 21897361.500,   405013.412
      20.139,       58000, 22269448.601,   372087.101
      20.486,       59000, 22643857.734,   374409.133
      20.833,       60000, 23070600.958,   426743.225
      21.181,       61000, 23462020.527,   391419.569
      21.528,       62000, 23881813.996,   419793.469
      21.875,       63000, 24263646.089,   381832.093
      22.222,       64000, 24670972.085,   407325.996
      22.569,       65000, 25086686.819,   415714.733
      22.917,       66000, 25464152.695,   377465.876
      23.264,       67000, 25869919.481,   405766.786
      23.611,       68000, 26268804.414,   398884.933
      23.958,       69000, 26641314.422,   372510.008
      24.306,       70000, 27044557.164,   403242.742
      24.653,       71000, 27435438.143,   390880.979
      25.000,       72000, 27834360.322,   398922.179
      25.347,       73000, 28236058.079,   401697.757
      25.694,       74000, 28617661.019,   381602.940
      26.042,       75000, 29019218.464,   401557.444
      26.389,       76000, 29413745.957,   394527.493
      26.736,       77000, 29793359.046,   379613.089
      27.083,       78000, 30214123.310,   420764.264
      27.431,       79000, 30603584.065,   389460.755
      27.778,       80000, 31032911.481,   429327.416
      28.125,       81000, 31430394.912,   397483.431
      28.472,       82000, 31828950.957,   398556.045
      28.819,       83000, 32247586.587,   418635.631
      29.167,       84000, 32659249.834,   411663.246
      29.514,       85000, 33083983.366,   424733.532
      29.861,       86000, 33477142.870,   393159.504
      30.208,       87000, 33871818.236,   394675.367
      30.556,       88000, 34322838.640,   451020.403
      30.903,       89000, 34739268.985,   416430.345
      31.250,       90000, 35139300.024,   400031.040
      31.597,       91000, 35568138.493,   428838.469
      31.944,       92000, 35989020.791,   420882.298
      32.292,       93000, 36407369.082,   418348.291
      32.639,       94000, 36803831.832,   396462.750
      32.986,       95000, 37211803.755,   407971.923
      33.333,       96000, 37650409.599,   438605.844
      33.681,       97000, 38033299.894,   382890.294
      34.028,       98000, 38437516.398,   404216.504
      34.375,       99000, 38823019.337,   385502.939
      34.722,      100000, 39218983.244,   395963.907
      35.069,      101000, 39628368.246,   409385.002
      35.417,      102000, 40018045.940,   389677.694
      35.764,      103000, 40448536.226,   430490.286
      36.111,      104000, 40819704.048,   371167.823
      36.458,      105000, 41189392.547,   369688.498
      36.806,      106000, 41598720.913,   409328.367
      37.153,      107000, 41984519.270,   385798.356
      37.500,      108000, 42398828.311,   414309.042
      37.847,      109000, 42806985.597,   408157.285
      38.194,      110000, 43194003.110,   387017.513
      38.542,      111000, 43636422.168,   442419.058
      38.889,      112000, 44014551.535,   378129.367
      39.236,      113000, 44395503.334,   380951.798
      39.583,      114000, 44805968.016,   410464.682
      39.931,      115000, 45186183.654,   380215.638
      40.278,      116000, 45611670.568,   425486.914
      40.625,      117000, 45988042.396,   376371.829
      40.972,      118000, 46368437.026,   380394.630
      41.319,      119000, 46774998.956,   406561.930
      41.667,      120000, 47181846.604,   406847.648
      42.014,      121000, 47589212.834,   407366.230
      42.361,      122000, 47977699.626,   388486.791
      42.708,      123000, 48358501.964,   380802.339
      43.056,      124000, 48776898.699,   418396.735
      43.403,      125000, 49160989.273,   384090.573
      43.750,      126000, 49550963.656,   389974.384
      44.097,      127000, 49962400.010,   411436.354
      44.444,      128000, 50371116.498,   408716.487
      44.792,      129000, 50813204.806,   442088.307
      45.139,      130000, 51216083.932,   402879.127
      45.486,      131000, 51599515.180,   383431.248
      45.833,      132000, 52036331.208,   436816.029
      46.181,      133000, 52427914.153,   391582.944
      46.528,      134000, 52853208.463,   425294.310
      46.875,      135000, 53244952.443,   391743.980
      47.222,      136000, 53646507.668,   401555.225
      47.569,      137000, 54053262.860,   406755.191
      47.917,      138000, 54440809.834,   387546.975
      48.264,      139000, 54872441.371,   431631.537
      48.611,      140000, 55262030.460,   389589.089
      48.958,      141000, 55637163.308,   375132.848
      49.306,      142000, 56044099.462,   406936.154
      49.653,      143000, 56425858.844,   381759.382
      50.000,      144000, 56824321.503,   398462.659
      50.347,      145000, 57241592.017,   417270.514
      50.694,      146000, 57626990.921,   385398.904
      51.042,      147000, 58059469.344,   432478.423
      51.389,      148000, 58456325.634,   396856.290
      51.736,      149000, 58849951.286,   393625.651
      52.083,      150000, 59265771.710,   415820.425
      52.431,      151000, 59642054.214,   376282.503
      52.778,      152000, 60066907.894,   424853.680
      53.125,      153000, 60448270.017,   381362.123
      53.472,      154000, 60840616.636,   392346.619
      53.819,      155000, 61276662.874,   436046.238
      54.167,      156000, 61663711.119,   387048.246
      54.514,      157000, 62073371.078,   409659.958
      54.861,      158000, 62473120.143,   399749.066
      55.208,      159000, 62875174.086,   402053.943
      55.556,      160000, 63327673.706,   452499.620
      55.903,      161000, 63729654.256,   401980.550
      56.250,      162000, 64144755.129,   415100.873
      56.597,      163000, 64600528.057,   455772.928
      56.944,      164000, 65010377.750,   409849.693
      57.292,      165000, 65428827.231,   418449.481
      57.639,      166000, 65834674.930,   405847.700
      57.986,      167000, 66233046.092,   398371.162
      58.333,      168000, 66688693.628,   455647.536
      58.681,      169000, 67104663.084,   415969.456
      59.028,      170000, 67544694.073,   440030.989
      59.375,      171000, 67971240.850,   426546.777
      59.722,      172000, 68377687.714,   406446.864
