Startup CPU time:      253.445 sec summed across  128 PEs.
         Day, Step number,     CPU time, CPU time change
       0.000,           0,      253.445,      253.445
       0.231,        1000,     3749.789,     3496.344
       0.463,        2000,     7246.211,     3496.422
       0.694,        3000,    10713.398,     3467.187
       0.926,        4000,    14178.582,     3465.184
       1.157,        5000,    17650.083,     3471.501
       1.389,        6000,    21107.952,     3457.869
       1.620,        7000,    24578.659,     3470.707
       1.852,        8000,    28040.467,     3461.808
       2.083,        9000,    31500.515,     3460.048
       2.315,       10000,    34969.101,     3468.585
       2.546,       11000,    38431.725,     3462.624
       2.778,       12000,    41901.113,     3469.389
       3.009,       13000,    45368.357,     3467.244
       3.241,       14000,    48814.729,     3446.372
       3.472,       15000,    52280.957,     3466.227
       3.704,       16000,    55745.021,     3464.064
       3.935,       17000,    59213.427,     3468.406
       4.167,       18000,    62678.535,     3465.108
       4.398,       19000,    66137.661,     3459.126
       4.630,       20000,    69607.856,     3470.195
       4.861,       21000,    73066.451,     3458.595
       5.093,       22000,    76530.003,     3463.552
       5.324,       23000,    80000.893,     3470.890
       5.556,       24000,    83465.705,     3464.813
       5.787,       25000,    86936.733,     3471.027
       6.019,       26000,    90402.704,     3465.971
       6.250,       27000,    93863.722,     3461.018
       6.481,       28000,    97330.822,     3467.101
       6.713,       29000,   100797.763,     3466.941
       6.944,       30000,   104269.459,     3471.696
       7.176,       31000,   107734.598,     3465.139
       7.407,       32000,   111204.141,     3469.542
       7.639,       33000,   114670.432,     3466.291
       7.870,       34000,   118131.654,     3461.222
       8.102,       35000,   121595.661,     3464.006
       8.333,       36000,   125056.723,     3461.063
       8.565,       37000,   128520.918,     3464.195
       8.796,       38000,   131991.939,     3471.021
       9.028,       39000,   135456.621,     3464.682
       9.259,       40000,   138917.782,     3461.162
       9.491,       41000,   142369.110,     3451.328
       9.722,       42000,   145833.088,     3463.978
       9.954,       43000,   149297.078,     3463.990
      10.185,       44000,   152761.251,     3464.173
      10.417,       45000,   156221.152,     3459.901
      10.648,       46000,   159685.741,     3464.588
      10.880,       47000,   163154.131,     3468.390
      11.111,       48000,   166620.835,     3466.704
      11.343,       49000,   170076.937,     3456.102
      11.574,       50000,   173533.005,     3456.067
      11.806,       51000,   176999.264,     3466.259
      12.037,       52000,   180466.432,     3467.168
      12.269,       53000,   183932.589,     3466.157
      12.500,       54000,   187382.608,     3450.019
      12.731,       55000,   190847.981,     3465.372
      12.963,       56000,   194308.304,     3460.323
      13.194,       57000,   197775.488,     3467.184
      13.426,       58000,   201235.904,     3460.416
      13.657,       59000,   204700.045,     3464.141
      13.889,       60000,   208165.875,     3465.830
      14.120,       61000,   211630.397,     3464.522
      14.352,       62000,   215096.784,     3466.387
      14.583,       63000,   218559.824,     3463.040
      14.815,       64000,   222026.346,     3466.522
      15.046,       65000,   225491.853,     3465.507
      15.278,       66000,   228963.251,     3471.398
      15.509,       67000,   232428.784,     3465.533
      15.741,       68000,   235885.680,     3456.896
      15.972,       69000,   239351.422,     3465.742
      16.204,       70000,   242815.561,     3464.140
      16.435,       71000,   246285.590,     3470.029
      16.667,       72000,   249756.464,     3470.874
      16.898,       73000,   253231.491,     3475.027
      17.130,       74000,   256704.077,     3472.586
      17.361,       75000,   260178.669,     3474.592
      17.593,       76000,   263649.094,     3470.426
      17.824,       77000,   267123.907,     3474.813
      18.056,       78000,   270595.088,     3471.181
      18.287,       79000,   274064.797,     3469.709
      18.519,       80000,   277532.793,     3467.997
      18.750,       81000,   280989.821,     3457.028
      18.981,       82000,   284457.289,     3467.468
      19.213,       83000,   287930.464,     3473.174
      19.444,       84000,   291402.966,     3472.502
      19.676,       85000,   294871.875,     3468.909
      19.907,       86000,   298340.822,     3468.947
      20.139,       87000,   301816.147,     3475.325
      20.370,       88000,   305289.027,     3472.880
      20.602,       89000,   308762.835,     3473.808
      20.833,       90000,   312235.328,     3472.493
      21.065,       91000,   315705.046,     3469.718
      21.296,       92000,   319177.366,     3472.320
      21.528,       93000,   322642.675,     3465.309
      21.759,       94000,   326115.021,     3472.346
      21.991,       95000,   329574.281,     3459.261
      22.222,       96000,   333042.848,     3468.566
      22.454,       97000,   336507.667,     3464.819
      22.685,       98000,   339972.691,     3465.024
      22.917,       99000,   343437.127,     3464.436
      23.148,      100000,   346903.609,     3466.483
      23.380,      101000,   350371.264,     3467.654
      23.611,      102000,   353834.243,     3462.979
      23.843,      103000,   357305.766,     3471.523
      24.074,      104000,   360770.912,     3465.146
      24.306,      105000,   364237.363,     3466.451
      24.537,      106000,   367705.645,     3468.282
      24.769,      107000,   371173.603,     3467.958
      25.000,      108000,   374627.520,     3453.917
      25.231,      109000,   378086.134,     3458.614
      25.463,      110000,   381552.653,     3466.518
      25.694,      111000,   385020.096,     3467.443
      25.926,      112000,   388490.969,     3470.874
      26.157,      113000,   391958.211,     3467.242
      26.389,      114000,   395423.875,     3465.664
      26.620,      115000,   398893.203,     3469.328
      26.852,      116000,   402362.729,     3469.526
      27.083,      117000,   405841.040,     3478.311
      27.315,      118000,   409310.813,     3469.773
      27.546,      119000,   412778.717,     3467.904
      27.778,      120000,   416251.293,     3472.576
      28.009,      121000,   419723.405,     3472.112
      28.241,      122000,   423186.649,     3463.245
      28.472,      123000,   426663.427,     3476.778
      28.704,      124000,   430140.899,     3477.472
      28.935,      125000,   433622.518,     3481.619
      29.167,      126000,   437101.802,     3479.284
      29.398,      127000,   440583.965,     3482.163
      29.630,      128000,   444062.070,     3478.106
      29.861,      129000,   447542.269,     3480.198
      30.093,      130000,   451011.949,     3469.680
      30.324,      131000,   454484.650,     3472.701
      30.556,      132000,   457950.643,     3465.993
      30.787,      133000,   461414.643,     3464.000
      31.019,      134000,   464879.219,     3464.576
      31.250,      135000,   468329.258,     3450.039
      31.481,      136000,   471794.096,     3464.838
      31.713,      137000,   475258.160,     3464.064
      31.944,      138000,   478720.531,     3462.371
      32.176,      139000,   482187.373,     3466.842
      32.407,      140000,   485653.376,     3466.003
      32.639,      141000,   489183.350,     3529.974
      32.870,      142000,   492649.987,     3466.637
      33.102,      143000,   496122.627,     3472.640
      33.333,      144000,   499593.438,     3470.811
      33.565,      145000,   503125.080,     3531.641
      33.796,      146000,   506624.134,     3499.055
      34.028,      147000,   510093.638,     3469.504
      34.259,      148000,   513559.046,     3465.408
      34.491,      149000,   517027.027,     3467.981
      34.722,      150000,   520511.655,     3484.628
      34.954,      151000,   523998.710,     3487.056
      35.185,      152000,   527484.045,     3485.334
      35.417,      153000,   530967.152,     3483.108
      35.648,      154000,   534457.667,     3490.515
      35.880,      155000,   537951.571,     3493.904
      36.111,      156000,   541439.558,     3487.987
      36.343,      157000,   544925.750,     3486.192
      36.574,      158000,   548412.013,     3486.262
      36.806,      159000,   551892.489,     3480.477
      37.037,      160000,   555382.275,     3489.786
      37.269,      161000,   558869.531,     3487.256
      37.500,      162000,   562343.235,     3473.704
      37.731,      163000,   565829.043,     3485.808
      37.963,      164000,   569313.606,     3484.563
      38.194,      165000,   572801.149,     3487.542
      38.426,      166000,   576285.382,     3484.234
      38.657,      167000,   579770.288,     3484.906
      38.889,      168000,   583254.205,     3483.917
      39.120,      169000,   586735.472,     3481.267
      39.352,      170000,   590224.483,     3489.011
      39.583,      171000,   593715.437,     3490.954
      39.815,      172000,   597199.686,     3484.249
      40.046,      173000,   600683.811,     3484.125
      40.278,      174000,   604170.310,     3486.499
      40.509,      175000,   607649.904,     3479.594
      40.741,      176000,   611120.630,     3470.726
      40.972,      177000,   614611.184,     3490.554
      41.204,      178000,   618103.715,     3492.531
      41.435,      179000,   621591.433,     3487.718
      41.667,      180000,   625084.922,     3493.488
      41.898,      181000,   628577.846,     3492.925
      42.130,      182000,   632065.894,     3488.048
      42.361,      183000,   635556.755,     3490.861
      42.593,      184000,   639047.577,     3490.822
      42.824,      185000,   642540.201,     3492.624
      43.056,      186000,   646031.414,     3491.213
      43.287,      187000,   649524.509,     3493.094
      43.519,      188000,   653019.945,     3495.437
      43.750,      189000,   656496.925,     3476.979
      43.981,      190000,   659989.862,     3492.937
      44.213,      191000,   663479.107,     3489.245
      44.444,      192000,   666972.637,     3493.530
      44.676,      193000,   670468.297,     3495.661
      44.907,      194000,   673953.344,     3485.046
      45.139,      195000,   677439.427,     3486.083
      45.370,      196000,   680934.656,     3495.229
      45.602,      197000,   684425.405,     3490.749
      45.833,      198000,   687924.515,     3499.111
      46.065,      199000,   691413.629,     3489.113
      46.296,      200000,   694903.741,     3490.112
      46.528,      201000,   698397.104,     3493.363
      46.759,      202000,   701891.030,     3493.926
      46.991,      203000,   705372.595,     3481.565
      47.222,      204000,   708862.784,     3490.189
      47.454,      205000,   712360.486,     3497.702
      47.685,      206000,   715851.065,     3490.579
      47.917,      207000,   719346.861,     3495.796
      48.148,      208000,   722841.312,     3494.451
      48.380,      209000,   726333.091,     3491.779
      48.611,      210000,   729831.817,     3498.726
      48.843,      211000,   733326.224,     3494.406
      49.074,      212000,   736821.680,     3495.456
      49.306,      213000,   740312.957,     3491.277
      49.537,      214000,   743802.912,     3489.955
      49.769,      215000,   747296.128,     3493.216
      50.000,      216000,   750779.280,     3483.152
      50.231,      217000,   754272.217,     3492.937
      50.463,      218000,   757770.537,     3498.320
      50.694,      219000,   761264.739,     3494.202
      50.926,      220000,   764757.200,     3492.461
      51.157,      221000,   768248.851,     3491.651
      51.389,      222000,   771742.496,     3493.645
      51.620,      223000,   775243.894,     3501.398
      51.852,      224000,   778734.573,     3490.678
      52.083,      225000,   782232.378,     3497.805
      52.315,      226000,   785720.779,     3488.402
      52.546,      227000,   789208.269,     3487.489
      52.778,      228000,   792699.085,     3490.816
      53.009,      229000,   796190.054,     3490.970
      53.241,      230000,   799667.590,     3477.536
      53.472,      231000,   803155.392,     3487.802
      53.704,      232000,   806646.637,     3491.245
      53.935,      233000,   810137.856,     3491.219
      54.167,      234000,   813631.005,     3493.149
      54.398,      235000,   817131.181,     3500.176
      54.630,      236000,   820623.091,     3491.910
      54.861,      237000,   824105.824,     3482.733
      55.093,      238000,   827601.453,     3495.629
      55.324,      239000,   831096.454,     3495.002
      55.556,      240000,   834594.704,     3498.250
      55.787,      241000,   838087.264,     3492.560
      56.019,      242000,   841584.800,     3497.536
      56.250,      243000,   845068.032,     3483.232
      56.481,      244000,   848554.342,     3486.310
      56.713,      245000,   852044.813,     3490.470
      56.944,      246000,   855538.035,     3493.222
      57.176,      247000,   859034.899,     3496.864
      57.407,      248000,   862530.733,     3495.834
      57.639,      249000,   866026.358,     3495.626
      57.870,      250000,   869519.907,     3493.549
      58.102,      251000,   873015.888,     3495.981
      58.333,      252000,   876508.903,     3493.015
      58.565,      253000,   880008.061,     3499.158
      58.796,      254000,   883505.446,     3497.386
      59.028,      255000,   887010.739,     3505.293
      59.259,      256000,   890515.491,     3504.752
      59.491,      257000,   894011.501,     3496.010
      59.722,      258000,   897520.973,     3509.472
      59.954,      259000,   901023.277,     3502.304
