Startup CPU time:       12.077 sec summed across   20 PEs.
         Day, Step number,     CPU time, CPU time change
       0.000,           0,       12.077,       12.077
       3.472,        1000,      558.960,      546.883
       6.944,        2000,     1147.960,      589.000
      10.417,        3000,     1799.338,      651.378
      13.889,        4000,     2549.738,      750.400
      17.361,        5000,     3308.204,      758.466
      20.833,        6000,     4107.600,      799.396
      24.306,        7000,     4885.470,      777.870
      27.778,        8000,     5768.226,      882.756
      31.250,        9000,     6610.648,      842.422
      34.722,       10000,     7406.556,      795.908
      38.194,       11000,     8173.168,      766.612
      41.667,       12000,     8903.924,      730.756
      45.139,       13000,     9653.888,      749.964
      48.611,       14000,    10382.736,      728.848
      52.083,       15000,    11181.426,      798.690
      55.556,       16000,    12028.772,      847.346
      59.028,       17000,    12788.174,      759.402
