Startup CPU time:      151.258 sec summed across  128 PEs.
         Day, Step number,     CPU time, CPU time change
       0.000,           0,      151.258,      151.258
       0.231,        1000,     6013.525,     5862.267
       0.463,        2000,    12304.814,     6291.290
       0.694,        3000,    19214.485,     6909.670
       0.926,        4000,    26462.242,     7247.757
       1.157,        5000,    33860.443,     7398.202
       1.389,        6000,    41529.688,     7669.245
       1.620,        7000,    49936.453,     8406.765
       1.852,        8000,    58490.290,     8553.837
       2.083,        9000,    67840.104,     9349.815
       2.315,       10000,    77871.150,    10031.046
       2.546,       11000,    87803.403,     9932.253
       2.778,       12000,    97775.461,     9972.058
       3.009,       13000,   107891.250,    10115.789
       3.241,       14000,   117765.000,     9873.750
       3.472,       15000,   127414.651,     9649.651
       3.704,       16000,   137430.517,    10015.866
       3.935,       17000,   147057.806,     9627.290
       4.167,       18000,   157189.669,    10131.863
       4.398,       19000,   166822.526,     9632.857
       4.630,       20000,   177016.702,    10194.176
       4.861,       21000,   186661.815,     9645.113
       5.093,       22000,   196598.302,     9936.487
       5.324,       23000,   206508.757,     9910.454
       5.556,       24000,   215958.450,     9449.693
       5.787,       25000,   225833.800,     9875.350
       6.019,       26000,   235742.190,     9908.390
       6.250,       27000,   245257.647,     9515.456
       6.481,       28000,   254896.046,     9638.400
       6.713,       29000,   264886.811,     9990.765
       6.944,       30000,   274611.829,     9725.018
       7.176,       31000,   284024.232,     9412.403
       7.407,       32000,   293647.048,     9622.816
       7.639,       33000,   303551.691,     9904.643
       7.870,       34000,   313444.779,     9893.088
       8.102,       35000,   322936.666,     9491.886
       8.333,       36000,   332756.411,     9819.746
       8.565,       37000,   342634.958,     9878.547
       8.796,       38000,   352668.046,    10033.088
       9.028,       39000,   362321.579,     9653.533
       9.259,       40000,   372010.347,     9688.768
       9.491,       41000,   381416.789,     9406.442
       9.722,       42000,   391141.358,     9724.570
       9.954,       43000,   401217.938,    10076.579
      10.185,       44000,   411237.922,    10019.984
      10.417,       45000,   421086.075,     9848.154
      10.648,       46000,   431164.578,    10078.502
      10.880,       47000,   441339.899,    10175.322
      11.111,       48000,   451480.686,    10140.787
      11.343,       49000,   461623.013,    10142.326
      11.574,       50000,   471693.618,    10070.605
      11.806,       51000,   481774.642,    10081.024
      12.037,       52000,   491852.498,    10077.856
      12.269,       53000,   501762.542,     9910.045
      12.500,       54000,   511900.818,    10138.275
      12.731,       55000,   522332.210,    10431.392
      12.963,       56000,   532570.082,    10237.872
      13.194,       57000,   542824.459,    10254.378
      13.426,       58000,   553723.122,    10898.662
      13.657,       59000,   564610.763,    10887.642
      13.889,       60000,   575467.125,    10856.362
      14.120,       61000,   586620.187,    11153.062
      14.352,       62000,   597892.674,    11272.486
      14.583,       63000,   609587.535,    11694.861
      14.815,       64000,   621248.885,    11661.350
      15.046,       65000,   632817.848,    11568.963
      15.278,       66000,   644484.334,    11666.486
      15.509,       67000,   655969.160,    11484.826
      15.741,       68000,   667353.272,    11384.112
      15.972,       69000,   678831.358,    11478.086
      16.204,       70000,   690295.251,    11463.893
      16.435,       71000,   701612.085,    11316.834
      16.667,       72000,   713125.647,    11513.562
      16.898,       73000,   724609.794,    11484.147
      17.130,       74000,   736686.082,    12076.288
      17.361,       75000,   748668.712,    11982.630
      17.593,       76000,   761012.238,    12343.526
      17.824,       77000,   773527.950,    12515.712
      18.056,       78000,   785936.958,    12409.008
      18.287,       79000,   798311.899,    12374.941
      18.519,       80000,   810499.160,    12187.261
      18.750,       81000,   822831.074,    12331.915
      18.981,       82000,   835069.800,    12238.726
      19.213,       83000,   847102.270,    12032.470
      19.444,       84000,   859266.494,    12164.224
      19.676,       85000,   871701.842,    12435.347
      19.907,       86000,   883948.037,    12246.195
      20.139,       87000,   896119.195,    12171.158
      20.370,       88000,   908343.016,    12223.821
      20.602,       89000,   920380.133,    12037.117
      20.833,       90000,   932478.108,    12097.975
      21.065,       91000,   944391.288,    11913.181
      21.296,       92000,   956249.819,    11858.531
      21.528,       93000,   968085.659,    11835.840
      21.759,       94000,   980111.941,    12026.282
      21.991,       95000,   992428.338,    12316.397
      22.222,       96000,  1005179.406,    12751.069
      22.454,       97000,  1018179.768,    13000.362
      22.685,       98000,  1031289.835,    13110.067
      22.917,       99000,  1044353.292,    13063.456
      23.148,      100000,  1057384.725,    13031.433
      23.380,      101000,  1070615.483,    13230.758
      23.611,      102000,  1083799.643,    13184.160
      23.843,      103000,  1096954.453,    13154.810
      24.074,      104000,  1110052.555,    13098.102
      24.306,      105000,  1123024.974,    12972.419
      24.537,      106000,  1136073.749,    13048.774
      24.769,      107000,  1149028.667,    12954.918
      25.000,      108000,  1161618.360,    12589.693
      25.231,      109000,  1174058.130,    12439.769
      25.463,      110000,  1186942.616,    12884.486
      25.694,      111000,  1199700.238,    12757.622
      25.926,      112000,  1212500.866,    12800.627
      26.157,      113000,  1225070.965,    12570.099
      26.389,      114000,  1237675.890,    12604.925
      26.620,      115000,  1250563.579,    12887.690
      26.852,      116000,  1263352.421,    12788.842
      27.083,      117000,  1276293.493,    12941.072
      27.315,      118000,  1288779.557,    12486.064
      27.546,      119000,  1302022.411,    13242.854
      27.778,      120000,  1314928.456,    12906.045
      28.009,      121000,  1327786.478,    12858.022
      28.241,      122000,  1340650.485,    12864.006
      28.472,      123000,  1353552.293,    12901.808
      28.704,      124000,  1366423.138,    12870.845
      28.935,      125000,  1379159.154,    12736.016
      29.167,      126000,  1391890.034,    12730.880
      29.398,      127000,  1404710.290,    12820.256
      29.630,      128000,  1417036.667,    12326.378
      29.861,      129000,  1429501.947,    12465.280
      30.093,      130000,  1441878.910,    12376.963
      30.324,      131000,  1454081.432,    12202.522
      30.556,      132000,  1466535.208,    12453.776
      30.787,      133000,  1478802.629,    12267.421
      31.019,      134000,  1490818.866,    12016.237
      31.250,      135000,  1502961.628,    12142.762
      31.481,      136000,  1515269.749,    12308.121
      31.713,      137000,  1527009.858,    11740.109
      31.944,      138000,  1538912.581,    11902.723
      32.176,      139000,  1550559.912,    11647.331
      32.407,      140000,  1562626.592,    12066.680
      32.639,      141000,  1574416.773,    11790.181
      32.870,      142000,  1586214.597,    11797.824
      33.102,      143000,  1597891.538,    11676.941
      33.333,      144000,  1609490.792,    11599.255
      33.565,      145000,  1620859.058,    11368.265
      33.796,      146000,  1632303.487,    11444.430
      34.028,      147000,  1643626.002,    11322.514
      34.259,      148000,  1655289.630,    11663.629
      34.491,      149000,  1666809.262,    11519.632
      34.722,      150000,  1678288.213,    11478.950
      34.954,      151000,  1689589.106,    11300.893
      35.185,      152000,  1701269.506,    11680.400
      35.417,      153000,  1712880.194,    11610.688
      35.648,      154000,  1724721.346,    11841.152
      35.880,      155000,  1736716.053,    11994.707
      36.111,      156000,  1748901.515,    12185.462
      36.343,      157000,  1760882.882,    11981.366
      36.574,      158000,  1772910.834,    12027.952
      36.806,      159000,  1785044.088,    12133.254
      37.037,      160000,  1797237.298,    12193.210
      37.269,      161000,  1809344.597,    12107.299
      37.500,      162000,  1821430.891,    12086.295
      37.731,      163000,  1833605.531,    12174.640
      37.963,      164000,  1845724.126,    12118.595
      38.194,      165000,  1857522.706,    11798.579
      38.426,      166000,  1869611.294,    12088.589
      38.657,      167000,  1881381.073,    11769.779
      38.889,      168000,  1893039.502,    11658.429
      39.120,      169000,  1904713.205,    11673.702
      39.352,      170000,  1916616.341,    11903.136
      39.583,      171000,  1928739.308,    12122.967
      39.815,      172000,  1940855.298,    12115.990
      40.046,      173000,  1952722.078,    11866.781
      40.278,      174000,  1964731.090,    12009.011
      40.509,      175000,  1977177.131,    12446.042
      40.741,      176000,  1989542.370,    12365.238
      40.972,      177000,  2001955.003,    12412.634
      41.204,      178000,  2014311.432,    12356.429
      41.435,      179000,  2026448.651,    12137.219
      41.667,      180000,  2038905.013,    12456.362
      41.898,      181000,  2051420.037,    12515.024
      42.130,      182000,  2063318.472,    11898.435
      42.361,      183000,  2075003.451,    11684.979
      42.593,      184000,  2086630.779,    11627.328
      42.824,      185000,  2098383.003,    11752.224
      43.056,      186000,  2110347.326,    11964.323
      43.287,      187000,  2122323.294,    11975.968
      43.519,      188000,  2134602.168,    12278.874
      43.750,      189000,  2146923.634,    12321.466
      43.981,      190000,  2159295.365,    12371.731
      44.213,      191000,  2171193.253,    11897.888
      44.444,      192000,  2183328.101,    12134.848
      44.676,      193000,  2195114.328,    11786.227
      44.907,      194000,  2207100.341,    11986.013
      45.139,      195000,  2218887.758,    11787.418
      45.370,      196000,  2231247.714,    12359.955
      45.602,      197000,  2243117.810,    11870.096
      45.833,      198000,  2255035.052,    11917.242
      46.065,      199000,  2267321.326,    12286.275
      46.296,      200000,  2279152.206,    11830.880
      46.528,      201000,  2291370.411,    12218.205
      46.759,      202000,  2303384.693,    12014.282
      46.991,      203000,  2315138.984,    11754.291
      47.222,      204000,  2326731.912,    11592.928
      47.454,      205000,  2338774.830,    12042.918
      47.685,      206000,  2350778.930,    12004.099
      47.917,      207000,  2362857.919,    12078.989
      48.148,      208000,  2375009.778,    12151.859
      48.380,      209000,  2387401.378,    12391.600
      48.611,      210000,  2399488.162,    12086.784
      48.843,      211000,  2411507.323,    12019.162
      49.074,      212000,  2423650.786,    12143.462
      49.306,      213000,  2435872.414,    12221.629
      49.537,      214000,  2448347.736,    12475.322
      49.769,      215000,  2461419.880,    13072.144
      50.000,      216000,  2473682.300,    12262.419
      50.231,      217000,  2485715.739,    12033.440
      50.463,      218000,  2497554.840,    11839.101
      50.694,      219000,  2509556.434,    12001.594
      50.926,      220000,  2521444.136,    11887.702
      51.157,      221000,  2533743.602,    12299.466
      51.389,      222000,  2545823.410,    12079.808
      51.620,      223000,  2557859.502,    12036.093
      51.852,      224000,  2570578.066,    12718.563
      52.083,      225000,  2582926.738,    12348.672
      52.315,      226000,  2594933.470,    12006.733
      52.546,      227000,  2607062.446,    12128.976
      52.778,      228000,  2619209.141,    12146.694
      53.009,      229000,  2631516.203,    12307.062
      53.241,      230000,  2643428.718,    11912.515
      53.472,      231000,  2655651.912,    12223.194
      53.704,      232000,  2668002.277,    12350.365
      53.935,      233000,  2680163.880,    12161.603
      54.167,      234000,  2692451.733,    12287.853
      54.398,      235000,  2704556.514,    12104.781
      54.630,      236000,  2716392.894,    11836.381
      54.861,      237000,  2728449.480,    12056.586
      55.093,      238000,  2740372.686,    11923.206
      55.324,      239000,  2752591.816,    12219.130
      55.556,      240000,  2764674.600,    12082.784
      55.787,      241000,  2776705.154,    12030.554
      56.019,      242000,  2788845.186,    12140.032
      56.250,      243000,  2801120.796,    12275.610
      56.481,      244000,  2813190.101,    12069.305
      56.713,      245000,  2825189.259,    11999.158
      56.944,      246000,  2837134.642,    11945.382
      57.176,      247000,  2849773.656,    12639.014
      57.407,      248000,  2861361.918,    11588.262
      57.639,      249000,  2873194.635,    11832.717
      57.870,      250000,  2884770.088,    11575.453
      58.102,      251000,  2896114.398,    11344.310
      58.333,      252000,  2907626.188,    11511.789
      58.565,      253000,  2919250.955,    11624.768
      58.796,      254000,  2930809.541,    11558.586
      59.028,      255000,  2942026.898,    11217.357
      59.259,      256000,  2953548.917,    11522.019
      59.491,      257000,  2964897.877,    11348.960
      59.722,      258000,  2976393.093,    11495.216
      59.954,      259000,  2988039.864,    11646.771
