Startup CPU time:       26.041 sec summed across   20 PEs.
         Day, Step number,     CPU time, CPU time change
       0.000,           0,       26.041,       26.041
       3.472,        1000,      721.638,      695.597
       6.944,        2000,     1404.308,      682.670
      10.417,        3000,     2052.487,      648.178
      13.889,        4000,     2744.842,      692.356
      17.361,        5000,     3477.742,      732.900
      20.833,        6000,     4249.211,      771.468
      24.306,        7000,     5073.032,      823.822
      27.778,        8000,     5859.716,      786.684
      31.250,        9000,     6608.549,      748.832
      34.722,       10000,     7419.312,      810.764
      38.194,       11000,     8156.634,      737.322
      41.667,       12000,     8910.431,      753.796
      45.139,       13000,     9641.498,      731.068
      48.611,       14000,    10398.338,      756.840
      52.083,       15000,    11158.623,      760.284
      55.556,       16000,    11907.582,      748.960
      59.028,       17000,    12684.748,      777.166
