Startup CPU time:      156.449 sec summed across  128 PEs.
         Day, Step number,     CPU time, CPU time change
       0.000,           0,      156.449,      156.449
       0.231,        1000,     4674.702,     4518.253
       0.463,        2000,     9158.859,     4484.157
       0.694,        3000,    13629.369,     4470.510
       0.926,        4000,    18092.382,     4463.013
       1.157,        5000,    22554.091,     4461.709
       1.389,        6000,    27017.668,     4463.578
       1.620,        7000,    31471.310,     4453.642
       1.852,        8000,    35921.345,     4450.035
       2.083,        9000,    40440.997,     4519.651
       2.315,       10000,    44888.500,     4447.504
       2.546,       11000,    49345.409,     4456.909
       2.778,       12000,    53821.016,     4475.606
       3.009,       13000,    58267.467,     4446.451
       3.241,       14000,    62707.118,     4439.651
       3.472,       15000,    67157.969,     4450.851
       3.704,       16000,    71601.153,     4443.184
       3.935,       17000,    76053.809,     4452.656
       4.167,       18000,    80505.393,     4451.584
       4.398,       19000,    84956.612,     4451.219
       4.630,       20000,    89394.167,     4437.555
       4.861,       21000,    93850.174,     4456.006
       5.093,       22000,    98300.246,     4450.073
       5.324,       23000,   102754.920,     4454.673
       5.556,       24000,   107207.355,     4452.435
       5.787,       25000,   111664.084,     4456.730
       6.019,       26000,   116117.825,     4453.741
       6.250,       27000,   120559.755,     4441.930
       6.481,       28000,   125011.175,     4451.421
       6.713,       29000,   129462.622,     4451.446
       6.944,       30000,   133987.995,     4525.373
       7.176,       31000,   138434.616,     4446.621
       7.407,       32000,   142869.860,     4435.245
       7.639,       33000,   147309.329,     4439.469
       7.870,       34000,   151748.779,     4439.450
       8.102,       35000,   156195.153,     4446.374
       8.333,       36000,   160625.041,     4429.888
       8.565,       37000,   165072.264,     4447.222
       8.796,       38000,   169511.630,     4439.366
       9.028,       39000,   173958.990,     4447.360
       9.259,       40000,   178404.609,     4445.619
       9.491,       41000,   182841.457,     4436.848
       9.722,       42000,   187269.073,     4427.616
       9.954,       43000,   191708.740,     4439.667
      10.185,       44000,   196138.523,     4429.782
      10.417,       45000,   200598.478,     4459.956
      10.648,       46000,   205039.207,     4440.729
      10.880,       47000,   209482.203,     4442.995
      11.111,       48000,   213922.740,     4440.538
      11.343,       49000,   218355.070,     4432.330
      11.574,       50000,   222790.827,     4435.757
      11.806,       51000,   227309.886,     4519.059
      12.037,       52000,   231739.880,     4429.994
      12.269,       53000,   236169.207,     4429.328
      12.500,       54000,   240590.913,     4421.706
      12.731,       55000,   245040.001,     4449.088
      12.963,       56000,   249470.340,     4430.339
      13.194,       57000,   253903.758,     4433.418
      13.426,       58000,   258336.257,     4432.499
      13.657,       59000,   262763.553,     4427.296
      13.889,       60000,   267205.540,     4441.987
      14.120,       61000,   271640.916,     4435.376
      14.352,       62000,   276072.145,     4431.229
      14.583,       63000,   280493.675,     4421.530
      14.815,       64000,   284915.179,     4421.504
      15.046,       65000,   289347.800,     4432.621
      15.278,       66000,   293809.646,     4461.846
      15.509,       67000,   298247.406,     4437.760
      15.741,       68000,   302669.761,     4422.355
      15.972,       69000,   307098.100,     4428.339
      16.204,       70000,   311684.801,     4586.701
      16.435,       71000,   316148.686,     4463.885
      16.667,       72000,   320584.849,     4436.163
      16.898,       73000,   325024.868,     4440.019
      17.130,       74000,   329455.335,     4430.467
      17.361,       75000,   333891.684,     4436.349
      17.593,       76000,   338390.897,     4499.213
      17.824,       77000,   342822.331,     4431.434
      18.056,       78000,   347265.969,     4443.638
      18.287,       79000,   351692.020,     4426.051
      18.519,       80000,   356117.979,     4425.958
      18.750,       81000,   360542.840,     4424.861
      18.981,       82000,   364983.928,     4441.088
      19.213,       83000,   369432.507,     4448.579
      19.444,       84000,   373858.872,     4426.365
      19.676,       85000,   378289.985,     4431.114
      19.907,       86000,   382726.158,     4436.173
      20.139,       87000,   387164.238,     4438.080
      20.370,       88000,   391600.545,     4436.307
      20.602,       89000,   396026.897,     4426.352
      20.833,       90000,   400455.912,     4429.015
      21.065,       91000,   404895.822,     4439.910
      21.296,       92000,   409332.302,     4436.480
      21.528,       93000,   413763.822,     4431.520
      21.759,       94000,   418197.929,     4434.107
      21.991,       95000,   422631.793,     4433.864
      22.222,       96000,   427062.008,     4430.214
      22.454,       97000,   431573.208,     4511.200
      22.685,       98000,   436014.561,     4441.354
      22.917,       99000,   440450.203,     4435.642
      23.148,      100000,   444889.812,     4439.609
      23.380,      101000,   449326.344,     4436.531
      23.611,      102000,   453779.441,     4453.098
      23.843,      103000,   458249.227,     4469.786
      24.074,      104000,   462711.060,     4461.834
      24.306,      105000,   467175.585,     4464.525
      24.537,      106000,   471615.598,     4440.013
      24.769,      107000,   476048.654,     4433.056
      25.000,      108000,   480465.995,     4417.341
      25.231,      109000,   484891.579,     4425.584
      25.463,      110000,   489331.128,     4439.549
      25.694,      111000,   493769.540,     4438.413
      25.926,      112000,   498202.627,     4433.086
      26.157,      113000,   502642.638,     4440.011
      26.389,      114000,   507079.243,     4436.605
      26.620,      115000,   511518.759,     4439.517
      26.852,      116000,   515960.088,     4441.328
      27.083,      117000,   520481.329,     4521.242
      27.315,      118000,   524918.027,     4436.697
      27.546,      119000,   529356.929,     4438.902
      27.778,      120000,   533792.936,     4436.006
      28.009,      121000,   538232.807,     4439.872
      28.241,      122000,   542668.910,     4436.102
      28.472,      123000,   547120.161,     4451.251
      28.704,      124000,   551563.009,     4442.848
      28.935,      125000,   556003.377,     4440.368
      29.167,      126000,   560445.384,     4442.007
      29.398,      127000,   564881.787,     4436.403
      29.630,      128000,   569314.612,     4432.826
      29.861,      129000,   573773.604,     4458.992
      30.093,      130000,   578233.073,     4459.469
      30.324,      131000,   582671.371,     4438.298
      30.556,      132000,   587111.038,     4439.667
      30.787,      133000,   591542.219,     4431.181
      31.019,      134000,   595979.480,     4437.261
      31.250,      135000,   600408.715,     4429.235
      31.481,      136000,   604845.924,     4437.209
      31.713,      137000,   609285.195,     4439.270
      31.944,      138000,   613721.159,     4435.965
      32.176,      139000,   618239.700,     4518.541
      32.407,      140000,   622670.728,     4431.027
      32.639,      141000,   627103.761,     4433.034
      32.870,      142000,   631540.075,     4436.314
      33.102,      143000,   635979.544,     4439.469
      33.333,      144000,   640413.953,     4434.410
      33.565,      145000,   644848.667,     4434.713
      33.796,      146000,   649284.980,     4436.314
      34.028,      147000,   653724.609,     4439.629
      34.259,      148000,   658161.908,     4437.299
      34.491,      149000,   662587.944,     4426.035
      34.722,      150000,   667024.600,     4436.657
      34.954,      151000,   671462.459,     4437.859
      35.185,      152000,   675897.947,     4435.488
      35.417,      153000,   680335.771,     4437.824
      35.648,      154000,   684770.286,     4434.515
      35.880,      155000,   689208.523,     4438.237
      36.111,      156000,   693649.297,     4440.774
      36.343,      157000,   698090.276,     4440.979
      36.574,      158000,   702533.182,     4442.906
      36.806,      159000,   706972.436,     4439.254
      37.037,      160000,   711408.353,     4435.917
      37.269,      161000,   715850.439,     4442.086
      37.500,      162000,   720280.507,     4430.068
      37.731,      163000,   724725.611,     4445.104
      37.963,      164000,   729159.345,     4433.734
      38.194,      165000,   733596.219,     4436.874
      38.426,      166000,   738037.287,     4441.069
      38.657,      167000,   742480.673,     4443.386
      38.889,      168000,   746917.281,     4436.608
      39.120,      169000,   751359.291,     4442.010
      39.352,      170000,   755799.336,     4440.045
      39.583,      171000,   760254.363,     4455.028
      39.815,      172000,   764694.926,     4440.563
      40.046,      173000,   769125.806,     4430.880
      40.278,      174000,   773563.499,     4437.693
      40.509,      175000,   777999.931,     4436.432
      40.741,      176000,   782428.305,     4428.374
      40.972,      177000,   786874.369,     4446.064
      41.204,      178000,   791330.177,     4455.808
      41.435,      179000,   795770.686,     4440.509
      41.667,      180000,   800209.899,     4439.213
      41.898,      181000,   804652.769,     4442.870
      42.130,      182000,   809097.675,     4444.906
      42.361,      183000,   813547.912,     4450.237
      42.593,      184000,   817990.235,     4442.323
      42.824,      185000,   822429.035,     4438.800
      43.056,      186000,   826872.228,     4443.194
      43.287,      187000,   831313.550,     4441.322
      43.519,      188000,   835746.654,     4433.104
      43.750,      189000,   840171.745,     4425.092
      43.981,      190000,   844607.217,     4435.472
      44.213,      191000,   849043.569,     4436.352
      44.444,      192000,   853481.463,     4437.894
      44.676,      193000,   857914.331,     4432.867
      44.907,      194000,   862355.566,     4441.235
      45.139,      195000,   866790.907,     4435.341
      45.370,      196000,   871225.966,     4435.059
      45.602,      197000,   875663.515,     4437.549
      45.833,      198000,   880107.115,     4443.600
      46.065,      199000,   884547.067,     4439.952
      46.296,      200000,   888981.201,     4434.134
      46.528,      201000,   893412.577,     4431.376
      46.759,      202000,   897847.051,     4434.474
      46.991,      203000,   902277.227,     4430.176
      47.222,      204000,   906713.598,     4436.371
      47.454,      205000,   911138.593,     4424.995
      47.685,      206000,   915574.942,     4436.349
      47.917,      207000,   920015.441,     4440.499
      48.148,      208000,   924447.054,     4431.613
      48.380,      209000,   928886.520,     4439.466
      48.611,      210000,   933315.534,     4429.014
      48.843,      211000,   937747.147,     4431.613
      49.074,      212000,   942188.366,     4441.219
      49.306,      213000,   946619.188,     4430.822
      49.537,      214000,   951050.340,     4431.152
      49.769,      215000,   955486.126,     4435.786
      50.000,      216000,   959905.601,     4419.475
      50.231,      217000,   964342.190,     4436.588
      50.463,      218000,   968777.559,     4435.370
      50.694,      219000,   973215.905,     4438.346
      50.926,      220000,   977654.270,     4438.365
      51.157,      221000,   982094.468,     4440.198
      51.389,      222000,   986536.071,     4441.603
      51.620,      223000,   990985.518,     4449.446
      51.852,      224000,   995422.699,     4437.181
      52.083,      225000,   999865.713,     4443.015
      52.315,      226000,  1004307.787,     4442.073
      52.546,      227000,  1008751.153,     4443.366
      52.778,      228000,  1013191.201,     4440.048
      53.009,      229000,  1017637.358,     4446.157
      53.241,      230000,  1022075.345,     4437.987
      53.472,      231000,  1026518.654,     4443.309
      53.704,      232000,  1030968.683,     4450.029
      53.935,      233000,  1035415.556,     4446.874
      54.167,      234000,  1039858.357,     4442.800
      54.398,      235000,  1044297.281,     4438.925
      54.630,      236000,  1048729.755,     4432.474
      54.861,      237000,  1053178.923,     4449.168
      55.093,      238000,  1057618.350,     4439.427
      55.324,      239000,  1062061.438,     4443.088
      55.556,      240000,  1066502.417,     4440.979
      55.787,      241000,  1070957.729,     4455.312
      56.019,      242000,  1075395.435,     4437.706
      56.250,      243000,  1079837.051,     4441.616
      56.481,      244000,  1084282.228,     4445.177
      56.713,      245000,  1088723.099,     4440.870
      56.944,      246000,  1093167.467,     4444.368
      57.176,      247000,  1097607.361,     4439.894
      57.407,      248000,  1102047.825,     4440.464
      57.639,      249000,  1106486.187,     4438.362
      57.870,      250000,  1110929.530,     4443.344
      58.102,      251000,  1115375.275,     4445.744
      58.333,      252000,  1119826.088,     4450.813
      58.565,      253000,  1124263.576,     4437.488
      58.796,      254000,  1128708.459,     4444.883
      59.028,      255000,  1133151.921,     4443.462
      59.259,      256000,  1137596.318,     4444.397
      59.491,      257000,  1142038.068,     4441.750
      59.722,      258000,  1146483.931,     4445.862
      59.954,      259000,  1150934.120,     4450.189
      60.185,      260000,  1155383.998,     4449.878
      60.417,      261000,  1159828.840,     4444.842
      60.648,      262000,  1164284.030,     4455.190
      60.880,      263000,  1168731.799,     4447.770
      61.111,      264000,  1173180.651,     4448.851
      61.343,      265000,  1177622.904,     4442.253
      61.574,      266000,  1182072.222,     4449.318
      61.806,      267000,  1186517.236,     4445.014
      62.037,      268000,  1190953.255,     4436.019
      62.269,      269000,  1195388.820,     4435.565
      62.500,      270000,  1199822.443,     4433.623
      62.731,      271000,  1204265.121,     4442.678
      62.963,      272000,  1208705.908,     4440.787
      63.194,      273000,  1213143.931,     4438.022
      63.426,      274000,  1217585.383,     4441.453
      63.657,      275000,  1222026.292,     4440.909
      63.889,      276000,  1226481.662,     4455.370
      64.120,      277000,  1230923.681,     4442.019
      64.352,      278000,  1235365.096,     4441.414
      64.583,      279000,  1239797.489,     4432.394
      64.815,      280000,  1244236.254,     4438.765
      65.046,      281000,  1248673.310,     4437.056
      65.278,      282000,  1253125.572,     4452.262
      65.509,      283000,  1257574.606,     4449.034
      65.741,      284000,  1262000.158,     4425.552
      65.972,      285000,  1266432.754,     4432.596
      66.204,      286000,  1270892.504,     4459.749
      66.435,      287000,  1275324.305,     4431.802
      66.667,      288000,  1279760.360,     4436.055
      66.898,      289000,  1284197.748,     4437.389
      67.130,      290000,  1288635.291,     4437.542
      67.361,      291000,  1293082.539,     4447.248
      67.593,      292000,  1297529.015,     4446.477
      67.824,      293000,  1301982.744,     4453.728
      68.056,      294000,  1306422.312,     4439.568
      68.287,      295000,  1310866.811,     4444.499
      68.519,      296000,  1315301.140,     4434.330
      68.750,      297000,  1319732.049,     4430.909
      68.981,      298000,  1324170.923,     4438.873
      69.213,      299000,  1328650.507,     4479.584
      69.444,      300000,  1333083.694,     4433.187
      69.676,      301000,  1337518.430,     4434.736
      69.907,      302000,  1341955.547,     4437.117
      70.139,      303000,  1346392.984,     4437.437
      70.370,      304000,  1350841.768,     4448.784
      70.602,      305000,  1355284.945,     4443.178
      70.833,      306000,  1359728.305,     4443.360
      71.065,      307000,  1364175.793,     4447.488
      71.296,      308000,  1368623.640,     4447.846
      71.528,      309000,  1373077.707,     4454.067
      71.759,      310000,  1377524.043,     4446.336
      71.991,      311000,  1381969.479,     4445.437
      72.222,      312000,  1386424.830,     4455.350
      72.454,      313000,  1390870.110,     4445.280
      72.685,      314000,  1395343.873,     4473.763
      72.917,      315000,  1399788.661,     4444.788
      73.148,      316000,  1404235.112,     4446.451
      73.380,      317000,  1408691.921,     4456.810
      73.611,      318000,  1413140.932,     4449.011
      73.843,      319000,  1417580.680,     4439.747
      74.074,      320000,  1422006.587,     4425.907
      74.306,      321000,  1426428.497,     4421.910
      74.537,      322000,  1430848.116,     4419.619
      74.769,      323000,  1435279.127,     4431.011
      75.000,      324000,  1439688.549,     4409.421
      75.231,      325000,  1444108.056,     4419.507
      75.463,      326000,  1448526.654,     4418.598
      75.694,      327000,  1452945.934,     4419.280
      75.926,      328000,  1457361.995,     4416.061
      76.157,      329000,  1461776.935,     4414.941
      76.389,      330000,  1466187.883,     4410.947
      76.620,      331000,  1470599.918,     4412.035
      76.852,      332000,  1475016.631,     4416.714
      77.083,      333000,  1479432.491,     4415.859
      77.315,      334000,  1483849.051,     4416.560
      77.546,      335000,  1488261.060,     4412.010
      77.778,      336000,  1492677.921,     4416.861
      78.009,      337000,  1497104.833,     4426.912
      78.241,      338000,  1501528.513,     4423.680
      78.472,      339000,  1505963.079,     4434.566
      78.704,      340000,  1510389.562,     4426.483
      78.935,      341000,  1514814.775,     4425.213
      79.167,      342000,  1519238.136,     4423.360
      79.398,      343000,  1523662.763,     4424.627
      79.630,      344000,  1528094.315,     4431.552
      79.861,      345000,  1532525.979,     4431.664
      80.093,      346000,  1536954.382,     4428.403
      80.324,      347000,  1541387.969,     4433.587
      80.556,      348000,  1545812.766,     4424.797
      80.787,      349000,  1550236.103,     4423.338
      81.019,      350000,  1554662.923,     4426.819
      81.250,      351000,  1559078.827,     4415.904
      81.481,      352000,  1563508.315,     4429.488
      81.713,      353000,  1567937.860,     4429.546
      81.944,      354000,  1572363.454,     4425.594
      82.176,      355000,  1576791.694,     4428.240
      82.407,      356000,  1581221.735,     4430.042
      82.639,      357000,  1585651.553,     4429.818
      82.870,      358000,  1590087.076,     4435.523
      83.102,      359000,  1594515.367,     4428.291
      83.333,      360000,  1598941.902,     4426.535
      83.565,      361000,  1603372.740,     4430.838
      83.796,      362000,  1607805.582,     4432.842
      84.028,      363000,  1612247.745,     4442.163
      84.259,      364000,  1616678.347,     4430.602
      84.491,      365000,  1621100.161,     4421.814
      84.722,      366000,  1625538.711,     4438.550
      84.954,      367000,  1629980.680,     4441.968
      85.185,      368000,  1634415.150,     4434.470
      85.417,      369000,  1638849.243,     4434.093
      85.648,      370000,  1643281.236,     4431.993
      85.880,      371000,  1647712.686,     4431.450
      86.111,      372000,  1652153.547,     4440.861
      86.343,      373000,  1656594.983,     4441.436
      86.574,      374000,  1661036.593,     4441.610
      86.806,      375000,  1665479.835,     4443.242
      87.037,      376000,  1669919.294,     4439.459
      87.269,      377000,  1674361.188,     4441.894
      87.500,      378000,  1678796.145,     4434.957
      87.731,      379000,  1683232.395,     4436.249
      87.963,      380000,  1687669.467,     4437.072
      88.194,      381000,  1692112.801,     4443.334
      88.426,      382000,  1696555.348,     4442.547
      88.657,      383000,  1701006.123,     4450.774
      88.889,      384000,  1705447.345,     4441.222
      89.120,      385000,  1709890.692,     4443.347
      89.352,      386000,  1714334.804,     4444.112
      89.583,      387000,  1718777.640,     4442.836
      89.815,      388000,  1723218.155,     4440.515
      90.046,      389000,  1727659.313,     4441.158
      90.278,      390000,  1732100.324,     4441.011
      90.509,      391000,  1736541.364,     4441.040
      90.741,      392000,  1740975.230,     4433.866
      90.972,      393000,  1745424.593,     4449.363
      91.204,      394000,  1749876.411,     4451.818
      91.435,      395000,  1754327.035,     4450.624
      91.667,      396000,  1758775.873,     4448.839
      91.898,      397000,  1763230.046,     4454.172
      92.130,      398000,  1767677.623,     4447.578
      92.361,      399000,  1772130.372,     4452.749
      92.593,      400000,  1776576.443,     4446.070
      92.824,      401000,  1781032.737,     4456.294
      93.056,      402000,  1785485.032,     4452.294
      93.287,      403000,  1789946.705,     4461.674
      93.519,      404000,  1794398.993,     4452.288
      93.750,      405000,  1798841.016,     4442.023
      93.981,      406000,  1803291.063,     4450.048
      94.213,      407000,  1807747.383,     4456.320
      94.444,      408000,  1812196.951,     4449.568
      94.676,      409000,  1816648.366,     4451.414
      94.907,      410000,  1821100.145,     4451.779
      95.139,      411000,  1825556.871,     4456.726
      95.370,      412000,  1830006.616,     4449.744
      95.602,      413000,  1834475.758,     4469.142
      95.833,      414000,  1838953.710,     4477.952
      96.065,      415000,  1843403.691,     4449.980
      96.296,      416000,  1847857.166,     4453.475
      96.528,      417000,  1852314.321,     4457.155
      96.759,      418000,  1856772.564,     4458.243
      96.991,      419000,  1861215.902,     4443.338
      97.222,      420000,  1865670.315,     4454.413
      97.454,      421000,  1870127.319,     4457.005
      97.685,      422000,  1874583.412,     4456.093
      97.917,      423000,  1879046.094,     4462.682
      98.148,      424000,  1883497.582,     4451.488
      98.380,      425000,  1887953.611,     4456.029
      98.611,      426000,  1892409.070,     4455.459
      98.843,      427000,  1896873.073,     4464.003
      99.074,      428000,  1901332.388,     4459.315
      99.306,      429000,  1905791.431,     4459.043
      99.537,      430000,  1910248.945,     4457.514
      99.769,      431000,  1914708.388,     4459.443
     100.000,      432000,  1919153.473,     4445.085
     100.231,      433000,  1923614.697,     4461.224
     100.463,      434000,  1928080.932,     4466.235
     100.694,      435000,  1932543.617,     4462.685
     100.926,      436000,  1937013.518,     4469.901
     101.157,      437000,  1941482.148,     4468.630
     101.389,      438000,  1945940.558,     4458.410
     101.620,      439000,  1950398.356,     4457.798
     101.852,      440000,  1954859.988,     4461.632
     102.083,      441000,  1959320.878,     4460.890
     102.315,      442000,  1963782.904,     4462.025
     102.546,      443000,  1968246.471,     4463.568
     102.778,      444000,  1972707.985,     4461.514
     103.009,      445000,  1977166.315,     4458.330
     103.241,      446000,  1981613.953,     4447.638
     103.472,      447000,  1986080.523,     4466.570
     103.704,      448000,  1990539.281,     4458.758
     103.935,      449000,  1994996.558,     4457.277
     104.167,      450000,  1999455.035,     4458.477
     104.398,      451000,  2003918.695,     4463.660
     104.630,      452000,  2008381.230,     4462.534
     104.861,      453000,  2012843.419,     4462.189
     105.093,      454000,  2017307.678,     4464.259
     105.324,      455000,  2021765.988,     4458.310
     105.556,      456000,  2026230.200,     4464.211
     105.787,      457000,  2030702.251,     4472.051
     106.019,      458000,  2035158.878,     4456.627
     106.250,      459000,  2039608.020,     4449.142
     106.481,      460000,  2044068.935,     4460.916
     106.713,      461000,  2048532.769,     4463.834
     106.944,      462000,  2052989.460,     4456.691
     107.176,      463000,  2057461.115,     4471.654
     107.407,      464000,  2061916.577,     4455.462
     107.639,      465000,  2066375.137,     4458.560
     107.870,      466000,  2070829.985,     4454.848
     108.102,      467000,  2075290.452,     4460.467
     108.333,      468000,  2079749.230,     4458.778
     108.565,      469000,  2084205.678,     4456.448
     108.796,      470000,  2088668.875,     4463.197
     109.028,      471000,  2093135.844,     4466.970
     109.259,      472000,  2097593.979,     4458.134
     109.491,      473000,  2102042.072,     4448.093
     109.722,      474000,  2106500.897,     4458.826
     109.954,      475000,  2110964.065,     4463.168
     110.185,      476000,  2115434.427,     4470.362
     110.417,      477000,  2119896.677,     4462.250
     110.648,      478000,  2124353.127,     4456.451
     110.880,      479000,  2128804.167,     4451.040
     111.111,      480000,  2133245.659,     4441.491
     111.343,      481000,  2137689.265,     4443.606
     111.574,      482000,  2142130.699,     4441.434
     111.806,      483000,  2146581.345,     4450.646
     112.037,      484000,  2151025.563,     4444.218
     112.269,      485000,  2155469.240,     4443.677
     112.500,      486000,  2159907.153,     4437.914
     112.731,      487000,  2164356.561,     4449.408
     112.963,      488000,  2168801.067,     4444.506
     113.194,      489000,  2173245.374,     4444.307
     113.426,      490000,  2177694.296,     4448.922
     113.657,      491000,  2182146.734,     4452.438
     113.889,      492000,  2186611.806,     4465.072
     114.120,      493000,  2191071.476,     4459.670
     114.352,      494000,  2195539.905,     4468.429
     114.583,      495000,  2200000.529,     4460.624
     114.815,      496000,  2204468.740,     4468.211
     115.046,      497000,  2208928.647,     4459.907
     115.278,      498000,  2213388.878,     4460.230
     115.509,      499000,  2217850.625,     4461.747
     115.741,      500000,  2222298.007,     4447.382
     115.972,      501000,  2226758.209,     4460.202
     116.204,      502000,  2231219.822,     4461.613
     116.435,      503000,  2235691.022,     4471.200
     116.667,      504000,  2240144.021,     4452.999
     116.898,      505000,  2244596.385,     4452.364
     117.130,      506000,  2249060.580,     4464.195
     117.361,      507000,  2253525.127,     4464.547
     117.593,      508000,  2257980.308,     4455.181
     117.824,      509000,  2262436.871,     4456.563
     118.056,      510000,  2266896.932,     4460.061
     118.287,      511000,  2271350.723,     4453.791
     118.519,      512000,  2275802.567,     4451.845
     118.750,      513000,  2280247.521,     4444.954
     118.981,      514000,  2284707.963,     4460.441
     119.213,      515000,  2289158.868,     4450.906
     119.444,      516000,  2293633.956,     4475.088
     119.676,      517000,  2298102.200,     4468.243
     119.907,      518000,  2302552.740,     4450.541
