Startup CPU time:      694.403 sec summed across  320 PEs.
         Day, Step number,     CPU time, CPU time change
       0.000,           0,      694.403,      694.403
       1.736,        1000,    19291.375,    18596.972
       3.472,        2000,    39872.943,    20581.568
       5.208,        3000,    62176.073,    22303.130
       6.944,        4000,    89187.250,    27011.177
       8.681,        5000,   123868.034,    34680.784
      10.417,        6000,   158231.203,    34363.168
      12.153,        7000,   190415.734,    32184.531
      13.889,        8000,   219639.287,    29223.553
      15.625,        9000,   247502.547,    27863.260
      17.361,       10000,   274327.894,    26825.347
      19.097,       11000,   299484.886,    25156.992
      20.833,       12000,   324713.798,    25228.912
      22.569,       13000,   349429.004,    24715.206
      24.306,       14000,   373431.849,    24002.845
      26.042,       15000,   397289.369,    23857.520
      27.778,       16000,   420819.551,    23530.182
      29.514,       17000,   444559.119,    23739.568
      31.250,       18000,   467998.467,    23439.347
      32.986,       19000,   491083.951,    23085.484
      34.722,       20000,   514705.893,    23621.941
      36.458,       21000,   537454.292,    22748.400
      38.194,       22000,   561549.039,    24094.747
      39.931,       23000,   584362.345,    22813.306
      41.667,       24000,   606917.862,    22555.517
      43.403,       25000,   628503.890,    21586.029
      45.139,       26000,   649995.660,    21491.770
      46.875,       27000,   672355.603,    22359.943
      48.611,       28000,   695924.966,    23569.363
      50.347,       29000,   718432.994,    22508.029
      52.083,       30000,   741719.241,    23286.247
      53.819,       31000,   766077.500,    24358.259
      55.556,       32000,   788124.706,    22047.206
      57.292,       33000,   810725.593,    22600.887
      59.028,       34000,   832003.538,    21277.945
