Startup CPU time:   165873.062 sec summed across 2560 PEs.
         Day, Step number,     CPU time, CPU time change
      41.667,           0,   165873.062,   165873.062
      41.840,        1000,  1338716.430,  1172843.368
      42.014,        2000,  2591580.663,  1252864.234
      42.188,        3000,  3856367.321,  1264786.657
      42.361,        4000,  5092665.253,  1236297.933
      42.535,        5000,  6370726.149,  1278060.896
      42.708,        6000,  7626233.919,  1255507.770
      42.882,        7000,  8865811.749,  1239577.830
      43.056,        8000, 10169236.940,  1303425.191
      43.229,        9000, 11466452.424,  1297215.484
      43.403,       10000, 12762954.009,  1296501.585
      43.576,       11000, 14136300.604,  1373346.595
      43.750,       12000, 15464263.158,  1327962.554
      43.924,       13000, 16774519.459,  1310256.302
      44.097,       14000, 18083547.679,  1309028.219
      44.271,       15000, 19483744.628,  1400196.949
      44.444,       16000, 20798556.248,  1314811.621
      44.618,       17000, 22088003.583,  1289447.335
      44.792,       18000, 23389683.068,  1301679.485
      44.965,       19000, 24690839.274,  1301156.206
      45.139,       20000, 25924034.284,  1233195.010
      45.312,       21000, 27181294.316,  1257260.032
      45.486,       22000, 28374665.433,  1193371.117
      45.660,       23000, 29691743.509,  1317078.075
      45.833,       24000, 31084204.799,  1392461.291
      46.007,       25000, 32564208.433,  1480003.633
      46.181,       26000, 33875767.171,  1311558.738
      46.354,       27000, 35239347.420,  1363580.250
      46.528,       28000, 36506679.400,  1267331.980
      46.701,       29000, 37786493.695,  1279814.295
      46.875,       30000, 39026912.700,  1240419.005
      47.049,       31000, 40309529.604,  1282616.904
      47.222,       32000, 41557692.963,  1248163.359
      47.396,       33000, 42821510.818,  1263817.855
      47.569,       34000, 44153662.625,  1332151.807
      47.743,       35000, 45468936.840,  1315274.214
      47.917,       36000, 46741458.639,  1272521.799
      48.090,       37000, 48025670.332,  1284211.693
      48.264,       38000, 49336314.643,  1310644.311
      48.438,       39000, 50629520.924,  1293206.281
      48.611,       40000, 51809748.892,  1180227.968
      48.785,       41000, 53112481.312,  1302732.420
      48.958,       42000, 54387878.972,  1275397.660
      49.132,       43000, 55585373.180,  1197494.208
      49.306,       44000, 56796783.370,  1211410.190
      49.479,       45000, 58055900.069,  1259116.699
      49.653,       46000, 59306835.588,  1250935.519
      49.826,       47000, 60693207.381,  1386371.793
      50.000,       48000, 62175580.361,  1482372.979
      50.174,       49000, 63546185.885,  1370605.524
      50.347,       50000, 64718535.407,  1172349.522
      50.521,       51000, 65918764.399,  1200228.992
      50.694,       52000, 67145901.321,  1227136.922
      50.868,       53000, 68380202.302,  1234300.981
      51.042,       54000, 69661310.150,  1281107.848
      51.215,       55000, 70923990.429,  1262680.279
      51.389,       56000, 72125449.906,  1201459.478
      51.562,       57000, 73391340.709,  1265890.803
      51.736,       58000, 74625555.868,  1234215.159
      51.910,       59000, 75910811.907,  1285256.038
      52.083,       60000, 77229649.971,  1318838.064
      52.257,       61000, 78503077.143,  1273427.173
      52.431,       62000, 79793615.328,  1290538.185
      52.604,       63000, 81066354.969,  1272739.641
      52.778,       64000, 82289603.011,  1223248.042
      52.951,       65000, 83502624.166,  1213021.155
      53.125,       66000, 84674350.697,  1171726.531
      53.299,       67000, 85944219.506,  1269868.809
      53.472,       68000, 87339797.049,  1395577.543
      53.646,       69000, 88608531.497,  1268734.448
      53.819,       70000, 89857065.543,  1248534.046
      53.993,       71000, 91060901.097,  1203835.554
      54.167,       72000, 92199196.366,  1138295.269
      54.340,       73000, 93418686.534,  1219490.168
      54.514,       74000, 94726683.849,  1307997.314
      54.688,       75000, 96092318.393,  1365634.544
      54.861,       76000, 97466644.092,  1374325.699
      55.035,       77000, 98704028.016,  1237383.924
      55.208,       78000, 99842105.861,  1138077.846
      55.382,       79000, ************,  1174401.139
      55.556,       80000, ************,  1165183.988
      55.729,       81000, ************,  1175084.962
      55.903,       82000, ************,  1196900.985
      56.076,       83000, ************,  1175207.897
      56.250,       84000, ************,  1191608.197
      56.424,       85000, ************,  1278717.908
      56.597,       86000, ************,  1179719.487
      56.771,       87000, ************,  1276231.434
      56.944,       88000, ************,  1259878.905
      57.118,       89000, ************,  1259351.265
      57.292,       90000, ************,  1198628.186
      57.465,       91000, ************,  1129405.915
      57.639,       92000, ************,  1143178.728
      57.812,       93000, ************,  1277494.229
      57.986,       94000, ************,  1212176.029
      58.160,       95000, ************,  1190310.359
      58.333,       96000, ************,  1264137.018
      58.507,       97000, ************,  1238859.814
      58.681,       98000, ************,  1272475.584
      58.854,       99000, ************,  1185264.228
      59.028,      100000, ************,  1182457.536
      59.201,      101000, ************,  1192591.229
      59.375,      102000, ************,  1162893.446
      59.549,      103000, ************,  1164516.173
      59.722,      104000, ************,  1223641.990
      59.896,      105000, ************,  1138606.295
