Startup CPU time:      231.911 sec summed across  128 PEs.
         Day, Step number,     CPU time, CPU time change
       0.000,           0,      231.911,      231.911
       0.231,        1000,     5075.026,     4843.115
       0.463,        2000,    10051.551,     4976.525
       0.694,        3000,    14983.263,     4931.712
       0.926,        4000,    19965.768,     4982.506
       1.157,        5000,    24768.700,     4802.931
       1.389,        6000,    29708.488,     4939.789
       1.620,        7000,    34626.978,     4918.490
       1.852,        8000,    39444.047,     4817.069
       2.083,        9000,    44318.223,     4874.176
       2.315,       10000,    49055.791,     4737.568
       2.546,       11000,    53790.383,     4734.592
       2.778,       12000,    58457.903,     4667.520
       3.009,       13000,    63142.194,     4684.291
       3.241,       14000,    67707.896,     4565.702
       3.472,       15000,    72360.639,     4652.742
       3.704,       16000,    76865.420,     4504.781
       3.935,       17000,    81561.647,     4696.227
       4.167,       18000,    86143.849,     4582.202
       4.398,       19000,    90736.863,     4593.014
       4.630,       20000,    95452.428,     4715.565
       4.861,       21000,    99993.768,     4541.341
       5.093,       22000,   104574.946,     4581.178
       5.324,       23000,   109183.487,     4608.541
       5.556,       24000,   113863.496,     4680.010
       5.787,       25000,   118507.487,     4643.991
       6.019,       26000,   123194.226,     4686.739
       6.250,       27000,   128075.561,     4881.335
       6.481,       28000,   132943.362,     4867.801
       6.713,       29000,   137800.552,     4857.190
       6.944,       30000,   142826.322,     5025.770
       7.176,       31000,   147548.952,     4722.630
       7.407,       32000,   152349.484,     4800.531
       7.639,       33000,   157109.048,     4759.565
       7.870,       34000,   161745.900,     4636.851
       8.102,       35000,   166279.868,     4533.968
       8.333,       36000,   171012.758,     4732.890
       8.565,       37000,   175418.354,     4405.596
       8.796,       38000,   179990.639,     4572.285
       9.028,       39000,   184547.269,     4556.630
       9.259,       40000,   189181.439,     4634.170
       9.491,       41000,   193862.341,     4680.902
       9.722,       42000,   198352.463,     4490.122
       9.954,       43000,   202983.234,     4630.772
      10.185,       44000,   207476.335,     4493.100
      10.417,       45000,   212152.255,     4675.920
      10.648,       46000,   216703.240,     4550.985
      10.880,       47000,   221456.530,     4753.290
      11.111,       48000,   226236.898,     4780.368
      11.343,       49000,   230829.724,     4592.826
      11.574,       50000,   235457.452,     4627.728
      11.806,       51000,   240104.133,     4646.682
      12.037,       52000,   244582.245,     4478.112
      12.269,       53000,   249032.072,     4449.827
      12.500,       54000,   253738.572,     4706.499
      12.731,       55000,   258310.386,     4571.814
      12.963,       56000,   262876.796,     4566.410
      13.194,       57000,   267372.194,     4495.398
      13.426,       58000,   271929.845,     4557.651
      13.657,       59000,   276581.506,     4651.661
      13.889,       60000,   281191.148,     4609.642
      14.120,       61000,   285877.880,     4686.733
      14.352,       62000,   290445.452,     4567.571
      14.583,       63000,   295130.457,     4685.005
      14.815,       64000,   299829.426,     4698.969
      15.046,       65000,   304316.034,     4486.608
      15.278,       66000,   309016.101,     4700.067
      15.509,       67000,   313614.770,     4598.669
      15.741,       68000,   318218.245,     4603.475
      15.972,       69000,   322874.104,     4655.859
      16.204,       70000,   327668.780,     4794.675
      16.435,       71000,   332384.594,     4715.814
      16.667,       72000,   337063.916,     4679.322
      16.898,       73000,   341817.592,     4753.676
      17.130,       74000,   346449.272,     4631.680
      17.361,       75000,   351227.384,     4778.112
      17.593,       76000,   355936.261,     4708.877
      17.824,       77000,   360392.632,     4456.371
      18.056,       78000,   364932.780,     4540.147
      18.287,       79000,   369685.192,     4752.413
      18.519,       80000,   374344.584,     4659.392
      18.750,       81000,   379094.354,     4749.770
      18.981,       82000,   383859.487,     4765.132
      19.213,       83000,   388479.266,     4619.779
      19.444,       84000,   393199.800,     4720.534
      19.676,       85000,   397891.002,     4691.202
      19.907,       86000,   402641.647,     4750.644
      20.139,       87000,   407335.935,     4694.288
      20.370,       88000,   412133.618,     4797.683
      20.602,       89000,   416856.872,     4723.254
      20.833,       90000,   421594.220,     4737.347
      21.065,       91000,   426191.080,     4596.860
      21.296,       92000,   430962.850,     4771.770
      21.528,       93000,   435651.848,     4688.998
      21.759,       94000,   440289.589,     4637.741
      21.991,       95000,   444937.010,     4647.421
      22.222,       96000,   449675.954,     4738.944
      22.454,       97000,   454363.096,     4687.142
      22.685,       98000,   459177.522,     4814.426
      22.917,       99000,   463933.942,     4756.419
      23.148,      100000,   468665.167,     4731.225
      23.380,      101000,   473322.322,     4657.155
      23.611,      102000,   478024.245,     4701.923
      23.843,      103000,   482698.805,     4674.560
      24.074,      104000,   487522.076,     4823.270
      24.306,      105000,   492203.522,     4681.447
      24.537,      106000,   496978.386,     4774.864
      24.769,      107000,   501680.837,     4702.451
      25.000,      108000,   506387.858,     4707.021
      25.231,      109000,   511120.780,     4732.921
      25.463,      110000,   515922.991,     4802.211
      25.694,      111000,   520733.992,     4811.002
      25.926,      112000,   525621.679,     4887.686
      26.157,      113000,   530452.556,     4830.877
      26.389,      114000,   535339.265,     4886.710
      26.620,      115000,   540164.543,     4825.278
      26.852,      116000,   545000.514,     4835.971
      27.083,      117000,   549851.266,     4850.752
      27.315,      118000,   554691.583,     4840.316
      27.546,      119000,   559638.456,     4946.874
      27.778,      120000,   564542.444,     4903.987
      28.009,      121000,   569385.496,     4843.053
      28.241,      122000,   574309.868,     4924.371
      28.472,      123000,   579327.423,     5017.555
      28.704,      124000,   584271.365,     4943.942
      28.935,      125000,   589196.604,     4925.238
      29.167,      126000,   594144.498,     4947.895
      29.398,      127000,   598978.037,     4833.539
      29.630,      128000,   603811.554,     4833.517
      29.861,      129000,   608696.456,     4884.902
      30.093,      130000,   613628.412,     4931.955
      30.324,      131000,   618557.615,     4929.203
      30.556,      132000,   623343.080,     4785.466
      30.787,      133000,   628145.887,     4802.806
      31.019,      134000,   633003.013,     4857.126
      31.250,      135000,   637876.217,     4873.203
      31.481,      136000,   642643.797,     4767.581
      31.713,      137000,   647434.965,     4791.168
      31.944,      138000,   652069.711,     4634.746
      32.176,      139000,   656717.628,     4647.917
      32.407,      140000,   661339.714,     4622.086
      32.639,      141000,   666023.826,     4684.112
      32.870,      142000,   670652.264,     4628.438
      33.102,      143000,   675358.248,     4705.984
      33.333,      144000,   680103.394,     4745.146
      33.565,      145000,   684685.404,     4582.009
      33.796,      146000,   689299.954,     4614.550
      34.028,      147000,   693920.840,     4620.886
      34.259,      148000,   698691.941,     4771.101
      34.491,      149000,   703375.090,     4683.149
      34.722,      150000,   708143.528,     4768.438
      34.954,      151000,   712827.788,     4684.259
      35.185,      152000,   717525.288,     4697.501
      35.417,      153000,   722214.514,     4689.226
      35.648,      154000,   726861.256,     4646.742
      35.880,      155000,   731457.794,     4596.538
      36.111,      156000,   735976.236,     4518.442
      36.343,      157000,   740583.480,     4607.245
      36.574,      158000,   745308.325,     4724.845
      36.806,      159000,   749983.512,     4675.187
      37.037,      160000,   754706.856,     4723.344
      37.269,      161000,   759407.340,     4700.483
      37.500,      162000,   764069.369,     4662.029
      37.731,      163000,   768838.904,     4769.536
      37.963,      164000,   773594.117,     4755.213
      38.194,      165000,   778363.730,     4769.613
      38.426,      166000,   783201.362,     4837.632
      38.657,      167000,   788007.381,     4806.019
      38.889,      168000,   792830.623,     4823.242
      39.120,      169000,   797630.476,     4799.853
      39.352,      170000,   802464.162,     4833.686
      39.583,      171000,   807268.524,     4804.362
      39.815,      172000,   812183.855,     4915.331
      40.046,      173000,   817006.306,     4822.451
      40.278,      174000,   821802.748,     4796.442
      40.509,      175000,   826642.543,     4839.795
      40.741,      176000,   831567.228,     4924.685
      40.972,      177000,   836599.567,     5032.339
      41.204,      178000,   841450.018,     4850.451
      41.435,      179000,   846329.349,     4879.331
      41.667,      180000,   851178.556,     4849.207
      41.898,      181000,   856087.714,     4909.158
      42.130,      182000,   861038.392,     4950.678
      42.361,      183000,   865820.133,     4781.741
      42.593,      184000,   870718.700,     4898.566
      42.824,      185000,   875645.445,     4926.746
      43.056,      186000,   880513.512,     4868.067
      43.287,      187000,   885386.424,     4872.912
      43.519,      188000,   890450.514,     5064.090
      43.750,      189000,   895312.508,     4861.994
      43.981,      190000,   900302.024,     4989.516
      44.213,      191000,   905146.303,     4844.278
      44.444,      192000,   910039.496,     4893.194
      44.676,      193000,   914963.308,     4923.811
      44.907,      194000,   919753.071,     4789.763
      45.139,      195000,   924665.682,     4912.611
      45.370,      196000,   929578.188,     4912.506
      45.602,      197000,   934448.981,     4870.794
      45.833,      198000,   939353.462,     4904.480
      46.065,      199000,   944269.938,     4916.476
      46.296,      200000,   949353.007,     5083.069
      46.528,      201000,   954364.101,     5011.094
      46.759,      202000,   959230.584,     4866.483
      46.991,      203000,   964092.568,     4861.984
      47.222,      204000,   968988.802,     4896.234
      47.454,      205000,   973916.181,     4927.379
      47.685,      206000,   978915.816,     4999.635
      47.917,      207000,   983950.470,     5034.653
      48.148,      208000,   988909.884,     4959.414
      48.380,      209000,   993913.301,     5003.418
      48.611,      210000,   998842.274,     4928.973
      48.843,      211000,  1003867.733,     5025.459
      49.074,      212000,  1009024.293,     5156.560
      49.306,      213000,  1014036.978,     5012.685
      49.537,      214000,  1019176.460,     5139.482
      49.769,      215000,  1024365.042,     5188.582
      50.000,      216000,  1029334.508,     4969.466
      50.231,      217000,  1034256.223,     4921.715
      50.463,      218000,  1039339.682,     5083.459
      50.694,      219000,  1044221.710,     4882.028
      50.926,      220000,  1049147.112,     4925.403
      51.157,      221000,  1054025.375,     4878.262
      51.389,      222000,  1058916.460,     4891.085
      51.620,      223000,  1063923.426,     5006.966
      51.852,      224000,  1068784.828,     4861.402
      52.083,      225000,  1073642.892,     4858.064
      52.315,      226000,  1078428.680,     4785.788
      52.546,      227000,  1083293.711,     4865.030
      52.778,      228000,  1088126.760,     4833.050
      53.009,      229000,  1093096.527,     4969.766
      53.241,      230000,  1098010.690,     4914.163
      53.472,      231000,  1103042.946,     5032.256
      53.704,      232000,  1108173.237,     5130.291
      53.935,      233000,  1113081.532,     4908.294
      54.167,      234000,  1118070.390,     4988.858
      54.398,      235000,  1123147.848,     5077.459
      54.630,      236000,  1128617.621,     5469.773
      54.861,      237000,  1133886.735,     5269.114
      55.093,      238000,  1139200.495,     5313.760
      55.324,      239000,  1144380.396,     5179.901
      55.556,      240000,  1149437.205,     5056.810
      55.787,      241000,  1154563.029,     5125.824
      56.019,      242000,  1159631.100,     5068.070
      56.250,      243000,  1164737.503,     5106.404
      56.481,      244000,  1169795.218,     5057.715
      56.713,      245000,  1174804.972,     5009.754
      56.944,      246000,  1179842.450,     5037.478
      57.176,      247000,  1184765.624,     4923.174
      57.407,      248000,  1189803.781,     5038.157
      57.639,      249000,  1194777.106,     4973.325
      57.870,      250000,  1199749.676,     4972.570
      58.102,      251000,  1204718.652,     4968.976
      58.333,      252000,  1209699.705,     4981.053
      58.565,      253000,  1214601.816,     4902.112
      58.796,      254000,  1219564.492,     4962.675
      59.028,      255000,  1224579.218,     5014.726
      59.259,      256000,  1229552.501,     4973.283
      59.491,      257000,  1234456.962,     4904.461
      59.722,      258000,  1239497.576,     5040.614
      59.954,      259000,  1244529.743,     5032.166
