Startup CPU time:       19.490 sec summed across   20 PEs.
         Day, Step number,     CPU time, CPU time change
       0.000,           0,       19.490,       19.490
       3.472,        1000,      771.491,      752.001
       6.944,        2000,     1572.523,      801.032
      10.417,        3000,     2353.785,      781.262
      13.889,        4000,     3170.697,      816.912
      17.361,        5000,     4094.473,      923.776
      20.833,        6000,     5125.171,     1030.698
      24.306,        7000,     6141.765,     1016.594
      27.778,        8000,     7197.985,     1056.220
      31.250,        9000,     8147.063,      949.078
      34.722,       10000,     9053.463,      906.400
      38.194,       11000,     9926.703,      873.240
      41.667,       12000,    10778.425,      851.722
      45.139,       13000,    11646.877,      868.452
      48.611,       14000,    12569.429,      922.552
      52.083,       15000,    13475.001,      905.572
      55.556,       16000,    14362.567,      887.566
      59.028,       17000,    15247.113,      884.546
