Startup CPU time:    57489.863 sec summed across 2560 PEs.
         Day, Step number,     CPU time, CPU time change
       0.000,           0,    57489.863,    57489.863
       0.347,        1000,   458761.089,   401271.225
       0.694,        2000,   821933.595,   363172.507
       1.042,        3000,  1196098.683,   374165.088
       1.389,        4000,  1542785.179,   346686.496
       1.736,        5000,  1884196.619,   341411.440
       2.083,        6000,  2247014.929,   362818.310
       2.431,        7000,  2581102.047,   334087.118
       2.778,        8000,  2942273.590,   361171.542
       3.125,        9000,  3276451.957,   334178.367
       3.472,       10000,  3613071.480,   336619.523
       3.819,       11000,  3986293.896,   373222.416
       4.167,       12000,  4335138.060,   348844.164
       4.514,       13000,  4712327.956,   377189.896
       4.861,       14000,  5067338.402,   355010.446
       5.208,       15000,  5428661.503,   361323.101
       5.556,       16000,  5821820.421,   393158.917
       5.903,       17000,  6206826.885,   385006.464
       6.250,       18000,  6598584.557,   391757.672
       6.597,       19000,  6998109.166,   399524.609
       6.944,       20000,  7376064.111,   377954.945
       7.292,       21000,  7785924.152,   409860.041
       7.639,       22000,  8169774.878,   383850.726
       7.986,       23000,  8530856.784,   361081.906
       8.333,       24000,  8927354.170,   396497.385
       8.681,       25000,  9285620.449,   358266.279
       9.028,       26000,  9678801.832,   393181.383
       9.375,       27000, 10041502.489,   362700.657
       9.722,       28000, 10419516.971,   378014.482
      10.069,       29000, 10814975.592,   395458.621
      10.417,       30000, 11170734.936,   355759.344
      10.764,       31000, 11549831.349,   379096.412
      11.111,       32000, 11918798.282,   368966.934
      11.458,       33000, 12285439.858,   366641.575
      11.806,       34000, 12685389.317,   399949.459
      12.153,       35000, 13052144.763,   366755.446
      12.500,       36000, 13431310.687,   379165.924
      12.847,       37000, 13826263.341,   394952.654
      13.194,       38000, 14204012.667,   377749.326
      13.542,       39000, 14612393.333,   408380.666
      13.889,       40000, 14989018.341,   376625.008
      14.236,       41000, 15361489.205,   372470.864
      14.583,       42000, 15763098.056,   401608.851
      14.931,       43000, 16141939.023,   378840.966
      15.278,       44000, 16543028.646,   401089.623
      15.625,       45000, 16915892.255,   372863.609
      15.972,       46000, 17293869.711,   377977.457
      16.319,       47000, 17707832.203,   413962.492
      16.667,       48000, 18090111.852,   382279.648
      17.014,       49000, 18485222.584,   395110.732
      17.361,       50000, 18842106.805,   356884.221
      17.708,       51000, 19204739.213,   362632.408
      18.056,       52000, 19597767.182,   393027.969
      18.403,       53000, 19969482.558,   371715.376
      18.750,       54000, 20336612.527,   367129.968
      19.097,       55000, 20746081.234,   409468.707
      19.444,       56000, 21119807.506,   373726.272
      19.792,       57000, 21521590.277,   401782.771
      20.139,       58000, 21888144.465,   366554.188
      20.486,       59000, 22257455.032,   369310.567
      20.833,       60000, 22661700.630,   404245.598
      21.181,       61000, 23048069.208,   386368.579
      21.528,       62000, 23463966.696,   415897.488
      21.875,       63000, 23842177.071,   378210.375
      22.222,       64000, 24226130.539,   383953.469
      22.569,       65000, 24636296.769,   410166.230
      22.917,       66000, 25010164.159,   373867.389
      23.264,       67000, 25409038.491,   398874.332
      23.611,       68000, 25784720.405,   375681.914
      23.958,       69000, 26151967.948,   367247.543
      24.306,       70000, 26546745.845,   394777.898
      24.653,       71000, 26932888.782,   386142.937
      25.000,       72000, 27307706.704,   374817.922
      25.347,       73000, 27701002.769,   393296.065
      25.694,       74000, 28079045.915,   378043.146
      26.042,       75000, 28475876.187,   396830.272
      26.389,       76000, 28846699.462,   370823.275
      26.736,       77000, 29221269.432,   374569.970
      27.083,       78000, 29633634.386,   412364.954
      27.431,       79000, 30020670.866,   387036.480
      27.778,       80000, 30425208.336,   404537.470
      28.125,       81000, 30818522.632,   393314.296
      28.472,       82000, 31211583.845,   393061.213
      28.819,       83000, 31624744.504,   413160.659
      29.167,       84000, 32009219.250,   384474.746
      29.514,       85000, 32428080.491,   418861.241
      29.861,       86000, 32816051.666,   387971.174
      30.208,       87000, 33203398.338,   387346.672
      30.556,       88000, 33628361.582,   424963.245
      30.903,       89000, 34039095.130,   410733.547
      31.250,       90000, 34435520.728,   396425.599
      31.597,       91000, 34856451.712,   420930.984
      31.944,       92000, 35254237.665,   397785.953
      32.292,       93000, 35665722.411,   411484.747
      32.639,       94000, 36058268.178,   392545.767
      32.986,       95000, 36462920.475,   404652.297
      33.333,       96000, 36875678.704,   412758.228
      33.681,       97000, 37254325.225,   378646.521
      34.028,       98000, 37652321.077,   397995.852
      34.375,       99000, 38033314.604,   380993.528
      34.722,      100000, 38407682.856,   374368.252
      35.069,      101000, 38810933.013,   403250.157
      35.417,      102000, 39197241.765,   386308.752
      35.764,      103000, 39599425.712,   402183.947
      36.111,      104000, 39966209.271,   366783.560
      36.458,      105000, 40332059.003,   365849.732
      36.806,      106000, 40736094.369,   404035.366
      37.153,      107000, 41117393.259,   381298.889
      37.500,      108000, 41507727.708,   390334.448
      37.847,      109000, 41909052.193,   401324.486
      38.194,      110000, 42292597.163,   383544.970
      38.542,      111000, 42710129.755,   417532.592
      38.889,      112000, 43085530.667,   375400.912
      39.236,      113000, 43463008.309,   377477.642
      39.583,      114000, 43866246.764,   403238.455
      39.931,      115000, 44242483.195,   376236.431
      40.278,      116000, 44645092.830,   402609.635
      40.625,      117000, 45017685.976,   372593.146
      40.972,      118000, 45394467.704,   376781.728
      41.319,      119000, 45794734.687,   400266.983
      41.667,      120000, 46181552.399,   386817.712
      42.014,      121000, 46583029.921,   401477.523
      42.361,      122000, 46969569.880,   386539.958
      42.708,      123000, 47345419.071,   375849.191
      43.056,      124000, 47741958.087,   396539.017
      43.403,      125000, 48120934.578,   378976.490
      43.750,      126000, 48506086.629,   385152.052
      44.097,      127000, 48913246.216,   407159.587
      44.444,      128000, 49299121.608,   385875.392
      44.792,      129000, 49733502.333,   434380.725
      45.139,      130000, 50133184.636,   399682.303
      45.486,      131000, 50511667.950,   378483.315
      45.833,      132000, 50923416.406,   411748.455
      46.181,      133000, 51310459.921,   387043.516
      46.528,      134000, 51732998.438,   422538.517
      46.875,      135000, 52121819.509,   388821.070
      47.222,      136000, 52501907.579,   380088.071
      47.569,      137000, 52904586.277,   402678.698
      47.917,      138000, 53287295.667,   382709.391
      48.264,      139000, 53694595.102,   407299.435
      48.611,      140000, 54081382.866,   386787.763
      48.958,      141000, 54451714.395,   370331.530
      49.306,      142000, 54852118.065,   400403.670
      49.653,      143000, 55231672.395,   379554.330
      50.000,      144000, 55608157.240,   376484.845
      50.347,      145000, 56018757.307,   410600.067
      50.694,      146000, 56399915.612,   381158.305
      51.042,      147000, 56808696.810,   408781.198
      51.389,      148000, 57201922.334,   393225.524
      51.736,      149000, 57590391.102,   388468.768
      52.083,      150000, 57998969.138,   408578.035
      52.431,      151000, 58371510.567,   372541.429
      52.778,      152000, 58768532.783,   397022.216
      53.125,      153000, 59142913.351,   374380.568
      53.472,      154000, 59531694.747,   388781.396
      53.819,      155000, 59938293.221,   406598.474
      54.167,      156000, 60319906.391,   381613.170
      54.514,      157000, 60723979.506,   404073.114
      54.861,      158000, 61118473.170,   394493.664
      55.208,      159000, 61516604.082,   398130.912
      55.556,      160000, 61942155.543,   425551.461
      55.903,      161000, 62338879.624,   396724.081
      56.250,      162000, 62751778.541,   412898.917
      56.597,      163000, 63181614.610,   429836.069
      56.944,      164000, 63586600.629,   404986.018
      57.292,      165000, 64000465.656,   413865.028
      57.639,      166000, 64403674.229,   403208.573
      57.986,      167000, 64799873.490,   396199.261
      58.333,      168000, 65233573.912,   433700.422
      58.681,      169000, 65647003.483,   413429.571
      59.028,      170000, 66081120.814,   434117.331
      59.375,      171000, 66483620.823,   402500.008
      59.722,      172000, 66885937.127,   402316.305
