Startup CPU time:    46406.416 sec summed across 2560 PEs.
         Day, Step number,     CPU time, CPU time change
       0.000,           0,    46406.416,    46406.416
       0.231,        1000,   321611.587,   275205.172
       0.463,        2000,   611066.606,   289455.018
       0.694,        3000,   895988.596,   284921.990
       0.926,        4000,  1180999.156,   285010.560
       1.157,        5000,  1473664.846,   292665.690
       1.389,        6000,  1769584.308,   295919.462
       1.620,        7000,  2076054.644,   306470.337
       1.852,        8000,  2393826.388,   317771.744
       2.083,        9000,  2731418.808,   337592.420
       2.315,       10000,  3081384.273,   349965.465
       2.546,       11000,  3454121.636,   372737.363
       2.778,       12000,  3850780.000,   396658.364
       3.009,       13000,  4252073.073,   401293.073
       3.241,       14000,  4637521.687,   385448.614
       3.472,       15000,  5082065.425,   444543.738
       3.704,       16000,  5522759.598,   440694.173
       3.935,       17000,  5948143.918,   425384.320
       4.167,       18000,  6375699.486,   427555.568
       4.398,       19000,  6797475.301,   421775.815
       4.630,       20000,  7202466.437,   404991.135
       4.861,       21000,  7616452.210,   413985.773
       5.093,       22000,  8027760.625,   411308.415
       5.324,       23000,  8450600.420,   422839.795
       5.556,       24000,  8872214.996,   421614.576
       5.787,       25000,  9291509.062,   419294.066
       6.019,       26000,  9702095.192,   410586.130
       6.250,       27000, 10113828.068,   411732.876
       6.481,       28000, 10534020.309,   420192.242
       6.713,       29000, 10944431.225,   410410.915
       6.944,       30000, 11359303.748,   414872.524
       7.176,       31000, 11777331.633,   418027.885
       7.407,       32000, 12195798.961,   418467.328
       7.639,       33000, 12614276.609,   418477.648
       7.870,       34000, 13032892.212,   418615.603
       8.102,       35000, 13480915.595,   448023.383
       8.333,       36000, 13903217.948,   422302.352
       8.565,       37000, 14315110.862,   411892.914
       8.796,       38000, 14730897.348,   415786.486
       9.028,       39000, 15164949.896,   434052.548
       9.259,       40000, 15607136.970,   442187.074
       9.491,       41000, 16001874.487,   394737.517
       9.722,       42000, 16417406.862,   415532.374
       9.954,       43000, 16835217.275,   417810.413
      10.185,       44000, 17275148.081,   439930.806
      10.417,       45000, 17708880.808,   433732.727
      10.648,       46000, 18156869.435,   447988.627
      10.880,       47000, 18595094.174,   438224.739
      11.111,       48000, 19053348.588,   458254.414
      11.343,       49000, 19504863.383,   451514.795
      11.574,       50000, 19953167.313,   448303.930
      11.806,       51000, 20388629.204,   435461.891
      12.037,       52000, 20857409.719,   468780.516
      12.269,       53000, 21317808.172,   460398.453
      12.500,       54000, 21724469.608,   406661.435
      12.731,       55000, 22145950.350,   421480.743
      12.963,       56000, 22559694.448,   413744.097
      13.194,       57000, 22998251.197,   438556.749
      13.426,       58000, 23415305.119,   417053.921
      13.657,       59000, 23835765.342,   420460.224
      13.889,       60000, 24266777.496,   431012.154
      14.120,       61000, 24694080.830,   427303.334
      14.352,       62000, 25133762.964,   439682.134
      14.583,       63000, 25595402.484,   461639.520
      14.815,       64000, 26064650.116,   469247.632
      15.046,       65000, 26555734.302,   491084.186
      15.278,       66000, 27000557.891,   444823.589
      15.509,       67000, 27430825.342,   430267.451
      15.741,       68000, 27827365.803,   396540.461
      15.972,       69000, 28242282.155,   414916.351
      16.204,       70000, 28655084.276,   412802.122
      16.435,       71000, 29075655.037,   420570.760
      16.667,       72000, 29499635.047,   423980.011
      16.898,       73000, 29917052.475,   417417.427
      17.130,       74000, 30334094.272,   417041.797
      17.361,       75000, 30782267.618,   448173.346
      17.593,       76000, 31247541.454,   465273.836
      17.824,       77000, 31716889.278,   469347.824
      18.056,       78000, 32159481.120,   442591.843
      18.287,       79000, 32619254.417,   459773.297
      18.519,       80000, 33083914.396,   464659.979
      18.750,       81000, 33520806.066,   436891.670
      18.981,       82000, 33977768.138,   456962.073
      19.213,       83000, 34445718.901,   467950.762
      19.444,       84000, 34931241.492,   485522.591
      19.676,       85000, 35420654.634,   489413.143
      19.907,       86000, 35911846.189,   491191.554
      20.139,       87000, 36389914.878,   478068.689
      20.370,       88000, 36873904.894,   483990.016
      20.602,       89000, 37361201.528,   487296.635
      20.833,       90000, 37841270.471,   480068.943
      21.065,       91000, 38357254.904,   515984.433
      21.296,       92000, 38827269.476,   470014.572
      21.528,       93000, 39265413.767,   438144.291
      21.759,       94000, 39782216.387,   516802.619
      21.991,       95000, 40278942.086,   496725.700
      22.222,       96000, 40809166.659,   530224.573
      22.454,       97000, 41330596.006,   521429.347
      22.685,       98000, 41848630.321,   518034.315
      22.917,       99000, 42354493.054,   505862.733
      23.148,      100000, 42817525.646,   463032.592
      23.380,      101000, 43272197.969,   454672.323
      23.611,      102000, 43742060.055,   469862.086
      23.843,      103000, 44217867.115,   475807.059
      24.074,      104000, 44730049.233,   512182.119
      24.306,      105000, 45237378.119,   507328.886
      24.537,      106000, 45733119.115,   495740.995
      24.769,      107000, 46181293.276,   448174.162
      25.000,      108000, 46617854.635,   436561.359
      25.231,      109000, 47094239.556,   476384.921
      25.463,      110000, 47586665.908,   492426.352
      25.694,      111000, 48083782.702,   497116.794
      25.926,      112000, 48575200.356,   491417.654
      26.157,      113000, 49061488.324,   486287.968
      26.389,      114000, 49551677.988,   490189.664
      26.620,      115000, 50018480.039,   466802.051
      26.852,      116000, 50474783.969,   456303.930
      27.083,      117000, 50929053.212,   454269.244
      27.315,      118000, 51405662.483,   476609.271
      27.546,      119000, 51890436.407,   484773.924
      27.778,      120000, 52400401.374,   509964.966
      28.009,      121000, 52917569.767,   517168.394
      28.241,      122000, 53410716.838,   493147.071
      28.472,      123000, 53922914.414,   512197.575
      28.704,      124000, 54436936.267,   514021.853
      28.935,      125000, 54910676.080,   473739.813
      29.167,      126000, 55396895.892,   486219.812
      29.398,      127000, 55861009.830,   464113.937
      29.630,      128000, 56373460.200,   512450.370
      29.861,      129000, 56889561.818,   516101.619
      30.093,      130000, 57390538.436,   500976.618
      30.324,      131000, 57863424.466,   472886.030
      30.556,      132000, 58353728.155,   490303.688
      30.787,      133000, 58814428.900,   460700.746
      31.019,      134000, 59288457.408,   474028.508
      31.250,      135000, 59744976.849,   456519.441
      31.481,      136000, 60213328.635,   468351.786
      31.713,      137000, 60722685.144,   509356.509
      31.944,      138000, 61202915.089,   480229.944
      32.176,      139000, 61685139.167,   482224.078
      32.407,      140000, 62158249.367,   473110.200
      32.639,      141000, 62629391.531,   471142.163
      32.870,      142000, 63106555.694,   477164.163
      33.102,      143000, 63583072.388,   476516.694
      33.333,      144000, 64029957.427,   446885.039
      33.565,      145000, 64480598.084,   450640.657
      33.796,      146000, 64927333.940,   446735.856
      34.028,      147000, 65375452.484,   448118.544
      34.259,      148000, 65846250.714,   470798.230
      34.491,      149000, 66304976.609,   458725.895
      34.722,      150000, 66788584.447,   483607.838
      34.954,      151000, 67245514.272,   456929.825
      35.185,      152000, 67704189.886,   458675.614
      35.417,      153000, 68168975.028,   464785.143
      35.648,      154000, 68612198.977,   443223.948
      35.880,      155000, 69051136.788,   438937.811
      36.111,      156000, 69483064.407,   431927.619
      36.343,      157000, 69931250.980,   448186.573
      36.574,      158000, 70365657.540,   434406.560
      36.806,      159000, 70783576.244,   417918.704
      37.037,      160000, 71199870.309,   416294.065
      37.269,      161000, 71638476.902,   438606.592
      37.500,      162000, 72056968.891,   418491.989
      37.731,      163000, 72489853.217,   432884.326
      37.963,      164000, 72914842.391,   424989.174
      38.194,      165000, 73327447.309,   412604.918
      38.426,      166000, 73738692.194,   411244.884
      38.657,      167000, 74157031.628,   418339.434
      38.889,      168000, 74606550.209,   449518.581
      39.120,      169000, 75052920.121,   446369.911
      39.352,      170000, 75474666.786,   421746.665
      39.583,      171000, 75903397.400,   428730.614
      39.815,      172000, 76339225.837,   435828.438
      40.046,      173000, 76783461.709,   444235.872
      40.278,      174000, 77224313.534,   440851.825
      40.509,      175000, 77644892.436,   420578.902
      40.741,      176000, 78086870.103,   441977.667
      40.972,      177000, 78588946.865,   502076.762
      41.204,      178000, 79066171.813,   477224.948
      41.435,      179000, 79532353.255,   466181.442
      41.667,      180000, 80011682.265,   479329.011
      41.898,      181000, 80493358.319,   481676.054
      42.130,      182000, 80959354.111,   465995.792
      42.361,      183000, 81414519.401,   455165.290
      42.593,      184000, 81853786.663,   439267.263
      42.824,      185000, 82289542.782,   435756.118
      43.056,      186000, 82760653.054,   471110.272
      43.287,      187000, 83213876.712,   453223.659
      43.519,      188000, 83657591.587,   443714.875
      43.750,      189000, 84068475.697,   410884.110
      43.981,      190000, 84517725.013,   449249.316
      44.213,      191000, 84962757.660,   445032.647
      44.444,      192000, 85437635.450,   474877.791
      44.676,      193000, 85868966.813,   431331.362
      44.907,      194000, 86283504.215,   414537.403
      45.139,      195000, 86725768.679,   442264.464
      45.370,      196000, 87158625.233,   432856.554
      45.602,      197000, 87609843.431,   451218.198
      45.833,      198000, 88082725.782,   472882.351
      46.065,      199000, 88574257.326,   491531.544
      46.296,      200000, 89045193.204,   470935.878
      46.528,      201000, 89534049.916,   488856.712
      46.759,      202000, 90030619.994,   496570.078
      46.991,      203000, 90467270.477,   436650.482
      47.222,      204000, 90932421.673,   465151.197
      47.454,      205000, 91399197.758,   466776.085
      47.685,      206000, 91848449.812,   449252.054
      47.917,      207000, 92286665.329,   438215.516
      48.148,      208000, 92732590.078,   445924.749
      48.380,      209000, 93181807.263,   449217.185
      48.611,      210000, 93644243.859,   462436.596
      48.843,      211000, 94137311.377,   493067.518
      49.074,      212000, 94642794.037,   505482.660
      49.306,      213000, 95153110.076,   510316.039
      49.537,      214000, 95652236.708,   499126.633
      49.769,      215000, 96141842.308,   489605.600
      50.000,      216000, 96587250.060,   445407.752
      50.231,      217000, 97049524.683,   462274.622
      50.463,      218000, 97504645.086,   455120.403
      50.694,      219000, 97982470.487,   477825.402
      50.926,      220000, 98477597.457,   495126.970
      51.157,      221000, 98952572.257,   474974.800
      51.389,      222000, 99404597.822,   452025.565
      51.620,      223000, 99850324.858,   445727.036
      51.852,      224000, ************,   447540.110
      52.083,      225000, ************,   442435.240
      52.315,      226000, ************,   477294.783
      52.546,      227000, ************,   473132.797
      52.778,      228000, ************,   472521.042
      53.009,      229000, ************,   457167.608
      53.241,      230000, ************,   459021.033
      53.472,      231000, ************,   496216.251
      53.704,      232000, ************,   472158.411
      53.935,      233000, ************,   465744.405
      54.167,      234000, ************,   454038.102
      54.398,      235000, ************,   487191.224
      54.630,      236000, ************,   489952.789
      54.861,      237000, ************,   508798.762
      55.093,      238000, ************,   523728.542
      55.324,      239000, ************,   554429.936
      55.556,      240000, ************,   543801.517
      55.787,      241000, ************,   499684.515
      56.019,      242000, ************,   473276.477
      56.250,      243000, ************,   454135.050
      56.481,      244000, ************,   491946.688
      56.713,      245000, ************,   500519.075
      56.944,      246000, ************,   514014.555
      57.176,      247000, ************,   508433.841
      57.407,      248000, ************,   540618.258
      57.639,      249000, ************,   475863.984
      57.870,      250000, ************,   460542.387
      58.102,      251000, ************,   478756.199
      58.333,      252000, ************,   474124.042
      58.565,      253000, ************,   472784.143
      58.796,      254000, ************,   471813.604
      59.028,      255000, ************,   493749.923
      59.259,      256000, ************,   474817.018
      59.491,      257000, ************,   432169.085
      59.722,      258000, ************,   459912.892
      59.954,      259000, ************,   485523.083
