Startup CPU time:      193.024 sec summed across  128 PEs.
         Day, Step number,     CPU time, CPU time change
       0.000,           0,      193.024,      193.024
       0.231,        1000,     5860.319,     5667.296
       0.463,        2000,    11676.178,     5815.859
       0.694,        3000,    17524.057,     5847.878
       0.926,        4000,    23240.777,     5716.720
       1.157,        5000,    29003.830,     5763.053
       1.389,        6000,    34535.622,     5531.792
       1.620,        7000,    40048.995,     5513.373
       1.852,        8000,    45453.851,     5404.856
       2.083,        9000,    50786.931,     5333.080
       2.315,       10000,    56216.323,     5429.392
       2.546,       11000,    61496.444,     5280.122
       2.778,       12000,    66842.294,     5345.850
       3.009,       13000,    72180.937,     5338.643
       3.241,       14000,    77565.490,     5384.554
       3.472,       15000,    83139.958,     5574.467
       3.704,       16000,    88584.681,     5444.723
       3.935,       17000,    93927.804,     5343.123
       4.167,       18000,    99347.404,     5419.600
       4.398,       19000,   104905.075,     5557.670
       4.630,       20000,   110288.972,     5383.898
       4.861,       21000,   115701.951,     5412.979
       5.093,       22000,   121183.913,     5481.962
       5.324,       23000,   126702.015,     5518.102
       5.556,       24000,   132237.362,     5535.347
       5.787,       25000,   137735.410,     5498.048
       6.019,       26000,   143184.265,     5448.854
       6.250,       27000,   148678.492,     5494.228
       6.481,       28000,   154182.313,     5503.820
       6.713,       29000,   159567.609,     5385.296
       6.944,       30000,   165078.665,     5511.056
       7.176,       31000,   170662.959,     5584.294
       7.407,       32000,   176283.356,     5620.397
       7.639,       33000,   181877.366,     5594.010
       7.870,       34000,   187356.316,     5478.950
       8.102,       35000,   193000.278,     5643.962
       8.333,       36000,   198616.969,     5616.692
       8.565,       37000,   204120.707,     5503.737
       8.796,       38000,   209841.647,     5720.941
       9.028,       39000,   215492.307,     5650.659
       9.259,       40000,   221265.311,     5773.005
       9.491,       41000,   226924.777,     5659.466
       9.722,       42000,   232441.462,     5516.685
       9.954,       43000,   238085.574,     5644.112
      10.185,       44000,   243856.031,     5770.458
      10.417,       45000,   249456.137,     5600.106
      10.648,       46000,   255219.977,     5763.840
      10.880,       47000,   261059.257,     5839.280
      11.111,       48000,   266639.811,     5580.554
      11.343,       49000,   272553.513,     5913.702
      11.574,       50000,   278169.922,     5616.410
      11.806,       51000,   283737.974,     5568.051
      12.037,       52000,   289511.852,     5773.878
      12.269,       53000,   295333.394,     5821.542
      12.500,       54000,   300818.928,     5485.533
      12.731,       55000,   306550.818,     5731.891
      12.963,       56000,   312159.766,     5608.947
      13.194,       57000,   317621.772,     5462.006
      13.426,       58000,   323345.555,     5723.782
      13.657,       59000,   328988.860,     5643.306
      13.889,       60000,   334620.246,     5631.386
      14.120,       61000,   340414.057,     5793.811
      14.352,       62000,   346036.966,     5622.909
      14.583,       63000,   351501.875,     5464.909
      14.815,       64000,   357142.595,     5640.720
      15.046,       65000,   362784.687,     5642.093
      15.278,       66000,   368474.585,     5689.898
      15.509,       67000,   374206.364,     5731.779
      15.741,       68000,   379751.452,     5545.088
      15.972,       69000,   385241.868,     5490.416
      16.204,       70000,   390733.449,     5491.581
      16.435,       71000,   396351.231,     5617.782
      16.667,       72000,   401987.459,     5636.227
      16.898,       73000,   407583.759,     5596.301
      17.130,       74000,   413245.385,     5661.626
      17.361,       75000,   418792.767,     5547.382
      17.593,       76000,   424424.879,     5632.112
      17.824,       77000,   430027.913,     5603.034
