Startup CPU time:    61326.146 sec summed across 2560 PEs.
         Day, Step number,     CPU time, CPU time change
       0.000,           0,    61326.146,    61326.146
       0.231,        1000,   337511.587,   276185.441
       0.463,        2000,   624013.339,   286501.752
       0.694,        3000,   903706.281,   279692.942
       0.926,        4000,  1184272.572,   280566.292
       1.157,        5000,  1473837.635,   289565.062
       1.389,        6000,  1766769.246,   292931.611
       1.620,        7000,  2069890.135,   303120.889
       1.852,        8000,  2386507.142,   316617.007
       2.083,        9000,  2721797.014,   335289.872
       2.315,       10000,  3069913.065,   348116.051
       2.546,       11000,  3440662.325,   370749.259
       2.778,       12000,  3833165.803,   392503.479
       3.009,       13000,  4231208.115,   398042.312
       3.241,       14000,  4619174.480,   387966.366
       3.472,       15000,  5063101.929,   443927.449
       3.704,       16000,  5501884.012,   438782.083
       3.935,       17000,  5928012.155,   426128.143
       4.167,       18000,  6356688.131,   428675.976
       4.398,       19000,  6779539.334,   422851.203
       4.630,       20000,  7183012.092,   403472.758
       4.861,       21000,  7596190.995,   413178.903
       5.093,       22000,  8007820.111,   411629.117
       5.324,       23000,  8430264.380,   422444.269
       5.556,       24000,  8851796.307,   421531.927
       5.787,       25000,  9273167.976,   421371.669
       6.019,       26000,  9685317.045,   412149.070
       6.250,       27000, 10100310.874,   414993.828
       6.481,       28000, 10522918.649,   422607.775
       6.713,       29000, 10934427.199,   411508.550
       6.944,       30000, 11352595.362,   418168.162
       7.176,       31000, 11773708.856,   421113.494
       7.407,       32000, 12194756.602,   421047.746
       7.639,       33000, 12617281.673,   422525.071
       7.870,       34000, 13038706.268,   421424.595
       8.102,       35000, 13486689.407,   447983.139
       8.333,       36000, 13912212.224,   425522.817
       8.565,       37000, 14328084.329,   415872.105
       8.796,       38000, 14743148.348,   415064.019
       9.028,       39000, 15179122.185,   435973.837
       9.259,       40000, 15624397.404,   445275.219
       9.491,       41000, 16024653.791,   400256.387
       9.722,       42000, 16440871.526,   416217.735
       9.954,       43000, 16860355.855,   419484.329
      10.185,       44000, 17303306.348,   442950.493
      10.417,       45000, 17739784.809,   436478.461
      10.648,       46000, 18187631.302,   447846.493
      10.880,       47000, 18625050.316,   437419.014
      11.111,       48000, 19081645.231,   456594.915
      11.343,       49000, 19535498.986,   453853.754
      11.574,       50000, 19984511.022,   449012.036
      11.806,       51000, 20417256.902,   432745.880
      12.037,       52000, 20882566.740,   465309.839
      12.269,       53000, 21340888.383,   458321.642
      12.500,       54000, 21750327.873,   409439.491
      12.731,       55000, 22171803.750,   421475.877
      12.963,       56000, 22584361.159,   412557.409
      13.194,       57000, 23022045.687,   437684.528
      13.426,       58000, 23436711.372,   414665.685
      13.657,       59000, 23855640.057,   418928.685
      13.889,       60000, 24283134.870,   427494.812
      14.120,       61000, 24708278.095,   425143.226
      14.352,       62000, 25147454.755,   439176.659
      14.583,       63000, 25608154.102,   460699.348
      14.815,       64000, 26076425.580,   468271.478
      15.046,       65000, 26568381.036,   491955.456
      15.278,       66000, 27014562.169,   446181.133
      15.509,       67000, 27444354.143,   429791.974
      15.741,       68000, 27843536.719,   399182.576
      15.972,       69000, 28253700.969,   410164.250
      16.204,       70000, 28666972.675,   413271.706
      16.435,       71000, 29087584.569,   420611.895
      16.667,       72000, 29509351.934,   421767.365
      16.898,       73000, 29923692.489,   414340.555
      17.130,       74000, 30339598.009,   415905.520
      17.361,       75000, 30786864.502,   447266.493
      17.593,       76000, 31251018.720,   464154.218
      17.824,       77000, 31716877.350,   465858.630
      18.056,       78000, 32161148.244,   444270.894
      18.287,       79000, 32624199.725,   463051.481
      18.519,       80000, 33087135.263,   462935.539
      18.750,       81000, 33527514.246,   440378.983
      18.981,       82000, 33982709.619,   455195.372
      19.213,       83000, 34449133.615,   466423.997
      19.444,       84000, 34934014.823,   484881.207
      19.676,       85000, 35423881.394,   489866.571
      19.907,       86000, 35914310.006,   490428.612
      20.139,       87000, 36391293.817,   476983.811
      20.370,       88000, 36875649.559,   484355.742
      20.602,       89000, 37360840.163,   485190.603
      20.833,       90000, 37835202.998,   474362.836
      21.065,       91000, 38348920.108,   513717.110
      21.296,       92000, 38816211.270,   467291.162
      21.528,       93000, 39251712.688,   435501.418
      21.759,       94000, 39766577.459,   514864.771
      21.991,       95000, 40267320.206,   500742.747
      22.222,       96000, 40796215.855,   528895.650
      22.454,       97000, 41316202.956,   519987.101
      22.685,       98000, 41833365.411,   517162.454
      22.917,       99000, 42337385.193,   504019.782
      23.148,      100000, 42800792.731,   463407.538
      23.380,      101000, 43255942.181,   455149.450
      23.611,      102000, 43726118.671,   470176.491
      23.843,      103000, 44202304.310,   476185.638
      24.074,      104000, 44714552.623,   512248.314
      24.306,      105000, 45222275.555,   507722.931
      24.537,      106000, 45718426.200,   496150.646
      24.769,      107000, 46165868.524,   447442.324
      25.000,      108000, 46605431.752,   439563.228
      25.231,      109000, 47083787.551,   478355.799
      25.463,      110000, 47577408.827,   493621.276
      25.694,      111000, 48074934.825,   497525.998
      25.926,      112000, 48564304.223,   489369.398
      26.157,      113000, 49050046.307,   485742.084
      26.389,      114000, 49541833.738,   491787.432
      26.620,      115000, 50005452.508,   463618.770
      26.852,      116000, 50458307.375,   452854.867
      27.083,      117000, 50912868.544,   454561.168
      27.315,      118000, 51390709.804,   477841.260
      27.546,      119000, 51874614.840,   483905.036
      27.778,      120000, 52383670.969,   509056.129
      28.009,      121000, 52898578.332,   514907.363
      28.241,      122000, 53393907.089,   495328.757
      28.472,      123000, 53904348.547,   510441.457
      28.704,      124000, 54415323.040,   510974.493
      28.935,      125000, 54887425.957,   472102.917
      29.167,      126000, 55372299.091,   484873.134
      29.398,      127000, 55834791.302,   462492.211
      29.630,      128000, 56344129.292,   509337.990
      29.861,      129000, 56860609.673,   516480.381
      30.093,      130000, 57360676.028,   500066.355
      30.324,      131000, 57832852.132,   472176.104
      30.556,      132000, 58319031.555,   486179.422
      30.787,      133000, 58780765.839,   461734.285
      31.019,      134000, 59253400.156,   472634.317
      31.250,      135000, 59711525.274,   458125.117
      31.481,      136000, 60177067.878,   465542.604
      31.713,      137000, 60685990.284,   508922.406
      31.944,      138000, 61165794.956,   479804.672
      32.176,      139000, 61648722.071,   482927.115
      32.407,      140000, 62119681.382,   470959.311
      32.639,      141000, 62586383.206,   466701.824
      32.870,      142000, 63058741.774,   472358.568
      33.102,      143000, 63534020.140,   475278.366
      33.333,      144000, 63977530.583,   443510.443
      33.565,      145000, 64425235.315,   447704.732
      33.796,      146000, 64868552.045,   443316.730
      34.028,      147000, 65314450.076,   445898.031
      34.259,      148000, 65782195.744,   467745.667
      34.491,      149000, 66241888.233,   459692.490
      34.722,      150000, 66719242.246,   477354.012
      34.954,      151000, 67172091.250,   452849.004
      35.185,      152000, 67626228.902,   454137.652
      35.417,      153000, 68087298.953,   461070.052
      35.648,      154000, 68525960.953,   438662.000
      35.880,      155000, 68959218.206,   433257.253
      36.111,      156000, 69387123.898,   427905.691
      36.343,      157000, 69830542.716,   443418.818
      36.574,      158000, 70262054.328,   431511.612
      36.806,      159000, 70674908.761,   412854.433
      37.037,      160000, 71087084.223,   412175.462
      37.269,      161000, 71520768.690,   433684.467
      37.500,      162000, 71941157.469,   420388.778
      37.731,      163000, 72368626.571,   427469.103
      37.963,      164000, 72790855.209,   422228.638
      38.194,      165000, 73200810.326,   409955.117
      38.426,      166000, 73608645.788,   407835.462
      38.657,      167000, 74021340.273,   412694.485
      38.889,      168000, 74470206.278,   448866.005
      39.120,      169000, 74915178.326,   444972.048
      39.352,      170000, 75333176.281,   417997.955
      39.583,      171000, 75756951.315,   423775.034
      39.815,      172000, 76189318.790,   432367.475
      40.046,      173000, 76633851.548,   444532.758
      40.278,      174000, 77072702.345,   438850.797
      40.509,      175000, 77489914.856,   417212.511
      40.741,      176000, 77934854.492,   444939.636
      40.972,      177000, 78435275.782,   500421.289
      41.204,      178000, 78912296.812,   477021.030
      41.435,      179000, 79375767.594,   463470.781
      41.667,      180000, 79851646.990,   475879.396
      41.898,      181000, 80330253.084,   478606.095
      42.130,      182000, 80793637.971,   463384.887
      42.361,      183000, 81245962.161,   452324.190
      42.593,      184000, 81682120.056,   436157.895
      42.824,      185000, 82116232.195,   434112.138
      43.056,      186000, 82586424.118,   470191.923
      43.287,      187000, 83035479.143,   449055.025
      43.519,      188000, 83472744.786,   437265.643
      43.750,      189000, 83885029.638,   412284.852
      43.981,      190000, 84332219.461,   447189.823
      44.213,      191000, 84776239.532,   444020.071
      44.444,      192000, 85249700.332,   473460.800
      44.676,      193000, 85677732.150,   428031.817
      44.907,      194000, 86088930.891,   411198.741
      45.139,      195000, 86529092.038,   440161.147
      45.370,      196000, 86958582.200,   429490.163
      45.602,      197000, 87407343.751,   448761.551
      45.833,      198000, 87878332.275,   470988.524
      46.065,      199000, 88367535.023,   489202.749
      46.296,      200000, 88835020.033,   467485.010
      46.528,      201000, 89323701.011,   488680.977
      46.759,      202000, 89818837.343,   495136.333
      46.991,      203000, 90255378.345,   436541.002
      47.222,      204000, 90717713.384,   462335.040
      47.454,      205000, 91181493.711,   463780.327
      47.685,      206000, 91629728.019,   448234.307
      47.917,      207000, 92066052.022,   436324.003
      48.148,      208000, 92511399.277,   445347.255
      48.380,      209000, 92958035.351,   446636.073
      48.611,      210000, 93418283.511,   460248.161
      48.843,      211000, 93912648.284,   494364.773
      49.074,      212000, 94418499.446,   505851.162
      49.306,      213000, 94930246.812,   511747.367
      49.537,      214000, 95428352.252,   498105.440
      49.769,      215000, 95917336.410,   488984.158
      50.000,      216000, 96367036.787,   449700.377
      50.231,      217000, 96828297.382,   461260.594
      50.463,      218000, 97279305.088,   451007.706
      50.694,      219000, 97755484.492,   476179.404
      50.926,      220000, 98248542.985,   493058.493
      51.157,      221000, 98722321.100,   473778.115
      51.389,      222000, 99173542.997,   451221.897
      51.620,      223000, 99617864.665,   444321.668
      51.852,      224000, ************,   442519.838
      52.083,      225000, ************,   440704.619
      52.315,      226000, ************,   475077.018
      52.546,      227000, ************,   467012.537
      52.778,      228000, ************,   464739.235
      53.009,      229000, ************,   449766.883
      53.241,      230000, ************,   456230.516
      53.472,      231000, ************,   489783.452
      53.704,      232000, ************,   463198.171
      53.935,      233000, ************,   457112.398
      54.167,      234000, ************,   444224.187
      54.398,      235000, ************,   480701.763
      54.630,      236000, ************,   482738.485
      54.861,      237000, ************,   499652.165
      55.093,      238000, ************,   515618.376
      55.324,      239000, ************,   548997.277
      55.556,      240000, ************,   536411.651
      55.787,      241000, ************,   490309.772
      56.019,      242000, ************,   465800.929
      56.250,      243000, ************,   450485.673
      56.481,      244000, ************,   484490.042
      56.713,      245000, ************,   489616.221
      56.944,      246000, ************,   504799.834
      57.176,      247000, ************,   500894.397
      57.407,      248000, ************,   532921.306
      57.639,      249000, ************,   465724.390
      57.870,      250000, ************,   450740.934
      58.102,      251000, ************,   469007.275
      58.333,      252000, ************,   466264.933
      58.565,      253000, ************,   461568.713
      58.796,      254000, ************,   461685.917
      59.028,      255000, ************,   485861.351
      59.259,      256000, ************,   465075.302
      59.491,      257000, ************,   428241.370
      59.722,      258000, ************,   455868.669
      59.954,      259000, ************,   487468.147
