Startup CPU time:      219.657 sec summed across  128 PEs.
         Day, Step number,     CPU time, CPU time change
       0.000,           0,      219.657,      219.657
       0.231,        1000,     5129.015,     4909.358
       0.463,        2000,    10440.859,     5311.843
       0.694,        3000,    16301.556,     5860.698
       0.926,        4000,    22452.011,     6150.454
       1.157,        5000,    28765.815,     6313.805
       1.389,        6000,    35336.753,     6570.938
       1.620,        7000,    42512.929,     7176.176
       1.852,        8000,    49791.351,     7278.422
       2.083,        9000,    57812.622,     8021.271
       2.315,       10000,    66378.673,     8566.051
       2.546,       11000,    74855.070,     8476.397
       2.778,       12000,    83335.294,     8480.224
       3.009,       13000,    91954.350,     8619.056
       3.241,       14000,   100391.326,     8436.976
       3.472,       15000,   108596.593,     8205.267
       3.704,       16000,   117156.427,     8559.834
       3.935,       17000,   125293.105,     8136.678
       4.167,       18000,   133771.518,     8478.413
       4.398,       19000,   141831.982,     8060.464
       4.630,       20000,   150337.751,     8505.770
       4.861,       21000,   158231.966,     7894.214
       5.093,       22000,   165830.241,     7598.275
       5.324,       23000,   173286.420,     7456.179
       5.556,       24000,   180536.212,     7249.792
       5.787,       25000,   187957.646,     7421.434
       6.019,       26000,   195630.990,     7673.344
       6.250,       27000,   203291.684,     7660.695
       6.481,       28000,   210995.191,     7703.507
       6.713,       29000,   218890.836,     7895.645
       6.944,       30000,   226709.009,     7818.173
       7.176,       31000,   234509.809,     7800.800
       7.407,       32000,   242557.627,     8047.818
       7.639,       33000,   250670.817,     8113.190
       7.870,       34000,   258780.907,     8110.090
       8.102,       35000,   266647.998,     7867.091
       8.333,       36000,   274512.779,     7864.781
       8.565,       37000,   282937.722,     8424.944
       8.796,       38000,   291277.310,     8339.587
       9.028,       39000,   299239.706,     7962.397
       9.259,       40000,   307233.908,     7994.202
       9.491,       41000,   315349.310,     8115.402
       9.722,       42000,   323850.071,     8500.762
       9.954,       43000,   332329.767,     8479.696
      10.185,       44000,   340674.103,     8344.336
      10.417,       45000,   348892.817,     8218.714
      10.648,       46000,   357028.372,     8135.555
      10.880,       47000,   364925.067,     7896.694
      11.111,       48000,   373160.292,     8235.226
      11.343,       49000,   381533.537,     8373.245
      11.574,       50000,   389781.450,     8247.914
      11.806,       51000,   398465.767,     8684.317
      12.037,       52000,   406665.706,     8199.939
      12.269,       53000,   414610.641,     7944.934
      12.500,       54000,   422358.363,     7747.722
      12.731,       55000,   430699.511,     8341.148
      12.963,       56000,   439014.747,     8315.235
      13.194,       57000,   447253.706,     8238.960
      13.426,       58000,   455649.614,     8395.907
      13.657,       59000,   463916.795,     8267.181
      13.889,       60000,   472603.748,     8686.954
      14.120,       61000,   480886.650,     8282.902
      14.352,       62000,   489301.291,     8414.640
      14.583,       63000,   497595.131,     8293.840
      14.815,       64000,   505761.758,     8166.627
      15.046,       65000,   514081.242,     8319.485
      15.278,       66000,   522552.039,     8470.797
      15.509,       67000,   531166.020,     8613.981
      15.741,       68000,   539552.574,     8386.554
      15.972,       69000,   548140.586,     8588.013
      16.204,       70000,   556873.515,     8732.928
      16.435,       71000,   565355.211,     8481.696
      16.667,       72000,   574093.176,     8737.965
      16.898,       73000,   582660.314,     8567.139
      17.130,       74000,   591242.449,     8582.134
      17.361,       75000,   599803.166,     8560.717
      17.593,       76000,   608341.207,     8538.042
      17.824,       77000,   616860.510,     8519.302
      18.056,       78000,   625375.089,     8514.579
      18.287,       79000,   633648.423,     8273.334
      18.519,       80000,   642029.086,     8380.662
      18.750,       81000,   650060.414,     8031.328
      18.981,       82000,   658438.660,     8378.246
      19.213,       83000,   666858.935,     8420.275
      19.444,       84000,   675496.292,     8637.357
      19.676,       85000,   683952.522,     8456.230
      19.907,       86000,   692638.414,     8685.891
      20.139,       87000,   701191.793,     8553.379
      20.370,       88000,   709949.115,     8757.322
      20.602,       89000,   718675.895,     8726.781
      20.833,       90000,   727625.041,     8949.146
      21.065,       91000,   736334.660,     8709.619
      21.296,       92000,   745181.463,     8846.803
      21.528,       93000,   753921.815,     8740.352
      21.759,       94000,   762831.963,     8910.147
      21.991,       95000,   771766.359,     8934.397
      22.222,       96000,   780719.508,     8953.149
      22.454,       97000,   789713.127,     8993.619
      22.685,       98000,   798617.511,     8904.384
      22.917,       99000,   807635.502,     9017.991
      23.148,      100000,   816730.337,     9094.835
      23.380,      101000,   825798.996,     9068.659
      23.611,      102000,   834790.222,     8991.226
      23.843,      103000,   843880.007,     9089.786
      24.074,      104000,   852896.954,     9016.947
      24.306,      105000,   862019.527,     9122.573
      24.537,      106000,   871139.268,     9119.741
      24.769,      107000,   880227.393,     9088.125
      25.000,      108000,   889340.923,     9113.530
      25.231,      109000,   898421.338,     9080.416
      25.463,      110000,   907534.750,     9113.411
      25.694,      111000,   916678.791,     9144.042
      25.926,      112000,   925837.588,     9158.797
      26.157,      113000,   934975.111,     9137.523
      26.389,      114000,   944120.308,     9145.197
      26.620,      115000,   953381.387,     9261.078
      26.852,      116000,   962645.687,     9264.301
      27.083,      117000,   971925.009,     9279.322
      27.315,      118000,   981025.881,     9100.872
      27.546,      119000,   990174.110,     9148.229
      27.778,      120000,   999347.537,     9173.427
      28.009,      121000,  1008571.051,     9223.514
      28.241,      122000,  1017775.098,     9204.048
      28.472,      123000,  1027025.172,     9250.074
      28.704,      124000,  1036223.937,     9198.765
      28.935,      125000,  1045396.359,     9172.422
      29.167,      126000,  1054608.315,     9211.956
      29.398,      127000,  1063833.978,     9225.664
      29.630,      128000,  1073088.593,     9254.614
      29.861,      129000,  1082558.839,     9470.246
      30.093,      130000,  1091797.482,     9238.643
      30.324,      131000,  1101270.276,     9472.794
      30.556,      132000,  1110650.106,     9379.830
      30.787,      133000,  1119868.270,     9218.163
      31.019,      134000,  1129133.031,     9264.762
      31.250,      135000,  1138362.859,     9229.828
      31.481,      136000,  1147635.783,     9272.924
      31.713,      137000,  1157039.364,     9403.581
      31.944,      138000,  1166289.489,     9250.125
      32.176,      139000,  1175585.559,     9296.070
      32.407,      140000,  1184835.694,     9250.134
      32.639,      141000,  1194054.206,     9218.512
      32.870,      142000,  1203185.015,     9130.810
      33.102,      143000,  1212365.937,     9180.922
      33.333,      144000,  1221621.841,     9255.904
      33.565,      145000,  1230814.737,     9192.896
      33.796,      146000,  1239992.235,     9177.498
      34.028,      147000,  1249232.814,     9240.579
      34.259,      148000,  1258420.305,     9187.491
      34.491,      149000,  1267546.171,     9125.866
      34.722,      150000,  1276796.609,     9250.438
      34.954,      151000,  1285944.830,     9148.221
      35.185,      152000,  1295117.370,     9172.541
      35.417,      153000,  1304278.276,     9160.906
      35.648,      154000,  1313450.468,     9172.192
      35.880,      155000,  1322636.932,     9186.464
      36.111,      156000,  1331783.031,     9146.099
      36.343,      157000,  1340998.932,     9215.901
      36.574,      158000,  1350133.610,     9134.678
      36.806,      159000,  1359461.425,     9327.814
      37.037,      160000,  1368656.468,     9195.043
      37.269,      161000,  1377885.153,     9228.685
      37.500,      162000,  1387254.977,     9369.824
      37.731,      163000,  1396433.623,     9178.646
      37.963,      164000,  1405605.284,     9171.661
      38.194,      165000,  1414782.004,     9176.720
      38.426,      166000,  1424038.196,     9256.192
      38.657,      167000,  1433275.934,     9237.738
      38.889,      168000,  1442454.990,     9179.056
      39.120,      169000,  1451639.227,     9184.237
      39.352,      170000,  1460710.449,     9071.222
      39.583,      171000,  1469840.187,     9129.738
      39.815,      172000,  1478988.938,     9148.752
      40.046,      173000,  1488159.305,     9170.366
      40.278,      174000,  1497407.988,     9248.683
      40.509,      175000,  1506665.711,     9257.722
      40.741,      176000,  1515849.566,     9183.855
      40.972,      177000,  1525076.753,     9227.187
      41.204,      178000,  1534244.708,     9167.955
      41.435,      179000,  1543549.153,     9304.445
      41.667,      180000,  1552771.470,     9222.317
      41.898,      181000,  1562299.594,     9528.124
      42.130,      182000,  1571760.580,     9460.986
      42.361,      183000,  1581326.746,     9566.166
      42.593,      184000,  1590814.138,     9487.392
      42.824,      185000,  1600521.287,     9707.149
      43.056,      186000,  1610396.129,     9874.842
      43.287,      187000,  1619941.313,     9545.184
      43.519,      188000,  1630013.182,    10071.869
      43.750,      189000,  1639713.083,     9699.901
      43.981,      190000,  1649167.409,     9454.326
      44.213,      191000,  1658986.916,     9819.507
      44.444,      192000,  1668260.964,     9274.048
      44.676,      193000,  1678099.726,     9838.762
      44.907,      194000,  1687540.180,     9440.454
      45.139,      195000,  1696991.486,     9451.306
      45.370,      196000,  1706379.262,     9387.776
      45.602,      197000,  1715536.417,     9157.155
      45.833,      198000,  1724986.075,     9449.658
      46.065,      199000,  1734329.959,     9343.885
      46.296,      200000,  1743801.239,     9471.280
      46.528,      201000,  1753203.975,     9402.736
      46.759,      202000,  1762600.231,     9396.256
      46.991,      203000,  1772027.399,     9427.168
      47.222,      204000,  1781285.348,     9257.949
      47.454,      205000,  1790784.945,     9499.597
      47.685,      206000,  1800360.948,     9576.003
      47.917,      207000,  1809596.965,     9236.016
      48.148,      208000,  1819084.855,     9487.891
      48.380,      209000,  1828410.727,     9325.872
      48.611,      210000,  1837693.047,     9282.320
      48.843,      211000,  1847291.755,     9598.707
      49.074,      212000,  1856567.806,     9276.051
      49.306,      213000,  1866067.569,     9499.763
      49.537,      214000,  1875232.036,     9164.467
      49.769,      215000,  1884313.281,     9081.245
      50.000,      216000,  1893519.563,     9206.282
      50.231,      217000,  1902822.455,     9302.892
      50.463,      218000,  1912089.351,     9266.896
      50.694,      219000,  1921314.910,     9225.558
      50.926,      220000,  1930501.531,     9186.621
      51.157,      221000,  1939545.086,     9043.555
      51.389,      222000,  1948634.388,     9089.302
      51.620,      223000,  1957761.918,     9127.530
      51.852,      224000,  1966833.009,     9071.091
      52.083,      225000,  1975843.576,     9010.567
      52.315,      226000,  1984769.531,     8925.955
      52.546,      227000,  1993851.610,     9082.080
      52.778,      228000,  2002820.734,     8969.123
      53.009,      229000,  2011639.108,     8818.374
      53.241,      230000,  2020500.822,     8861.714
      53.472,      231000,  2029385.242,     8884.421
      53.704,      232000,  2038373.716,     8988.474
      53.935,      233000,  2047258.570,     8884.854
      54.167,      234000,  2056353.700,     9095.130
      54.398,      235000,  2065415.934,     9062.233
      54.630,      236000,  2074360.414,     8944.480
      54.861,      237000,  2083246.660,     8886.246
      55.093,      238000,  2092326.337,     9079.677
      55.324,      239000,  2101203.828,     8877.491
      55.556,      240000,  2110361.054,     9157.226
      55.787,      241000,  2119383.562,     9022.509
      56.019,      242000,  2128461.614,     9078.051
      56.250,      243000,  2137565.220,     9103.607
      56.481,      244000,  2146493.195,     8927.974
      56.713,      245000,  2155653.201,     9160.006
      56.944,      246000,  2164722.683,     9069.482
      57.176,      247000,  2173652.990,     8930.307
      57.407,      248000,  2182753.367,     9100.378
      57.639,      249000,  2191617.668,     8864.301
      57.870,      250000,  2200641.156,     9023.488
      58.102,      251000,  2209672.161,     9031.005
      58.333,      252000,  2218581.620,     8909.460
      58.565,      253000,  2227394.231,     8812.611
      58.796,      254000,  2236522.519,     9128.288
      59.028,      255000,  2245388.311,     8865.792
      59.259,      256000,  2254111.943,     8723.632
      59.491,      257000,  2262735.953,     8624.010
      59.722,      258000,  2271395.287,     8659.334
      59.954,      259000,  2280049.422,     8654.134
